,Parametros CH1,Valores CH1,Tiempo CH1,Voltaje CH1,Parametros CH4,Valores CH4,Tiempo CH4,Voltaje CH4
0,CH activo,1,1.4e-06,4800.0,CH activo,4,1.4e-06,0.12
1,Int. Temporal,2e-08,1.42e-06,5000.0,Int. Temporal,2e-08,1.42e-06,0.1
2,Trigger,"AUTO;EDGE;5.0E-7;CH1;DC;RISE;CH1;LINE;NORMAL;1;NTSC;CH1;POSITIVE;EQUAL;1.0E-3;2.8E3
",1.44e-06,4800.0,Trigger,"AUTO;EDGE;5.0E-7;CH1;DC;RISE;CH1;LINE;NORMAL;1;NTSC;CH1;POSITIVE;EQUAL;1.0E-3;2.8E3
",1.44e-06,0.1
3,Unidades verticales,"""V""",1.46e-06,5000.0,Unidades verticales,"""V""",1.46e-06,0.12
4,Volts x div,5.0E3,1.48e-06,5200.0,Volts x div,5.0E-1,1.48e-06,0.1
5,Offset vertical (en unidades digitales),121.0,1.5e-06,4800.0,Offset vertical (en unidades digitales),48.0,1.5e-06,0.1
6,Unidades horizontales,"""s""
",1.5199999999999998e-06,5000.0,Unidades horizontales,"""s""
",1.5199999999999998e-06,0.08
7,Escala horizontal,2e-08,1.5399999999999999e-06,5000.0,Escala horizontal,2e-08,1.5399999999999999e-06,0.12
8,Cero vertical (en unidades verticales),0.0,1.5599999999999999e-06,5000.0,Cero vertical (en unidades verticales),0.0,1.5599999999999999e-06,0.12
9,Factor de Atenuacion,1.0E3,1.58e-06,4800.0,Factor de Atenuacion,1.0E0,1.58e-06,0.14
10,Fecha,06-06-2024 12:45:43,1.6e-06,5200.0,Fecha,06-06-2024 12:45:48,1.6e-06,0.1
11,,,1.62e-06,5000.0,,,1.62e-06,0.08
12,,,1.64e-06,5000.0,,,1.64e-06,0.12
13,,,1.66e-06,4800.0,,,1.66e-06,0.12
14,,,1.68e-06,5000.0,,,1.68e-06,0.12
15,,,1.6999999999999998e-06,5000.0,,,1.6999999999999998e-06,0.12
16,,,1.72e-06,5000.0,,,1.72e-06,0.1
17,,,1.7399999999999999e-06,4800.0,,,1.7399999999999999e-06,0.1
18,,,1.7599999999999999e-06,5000.0,,,1.7599999999999999e-06,0.1
19,,,1.78e-06,5000.0,,,1.78e-06,0.12
20,,,1.8e-06,5000.0,,,1.8e-06,0.1
21,,,1.82e-06,5200.0,,,1.82e-06,0.1
22,,,1.84e-06,5000.0,,,1.84e-06,0.1
23,,,1.86e-06,5200.0,,,1.86e-06,0.14
24,,,1.88e-06,5000.0,,,1.88e-06,0.12
25,,,1.9e-06,5000.0,,,1.9e-06,0.1
26,,,1.92e-06,5000.0,,,1.92e-06,0.1
27,,,1.94e-06,5200.0,,,1.94e-06,0.12
28,,,1.96e-06,5200.0,,,1.96e-06,0.14
29,,,1.98e-06,5000.0,,,1.98e-06,0.12
30,,,2e-06,5000.0,,,2e-06,0.12
31,,,2.02e-06,5200.0,,,2.02e-06,0.14
32,,,2.04e-06,5200.0,,,2.04e-06,0.12
33,,,2.0599999999999998e-06,5200.0,,,2.0599999999999998e-06,0.12
34,,,2.08e-06,5200.0,,,2.08e-06,0.12
35,,,2.1e-06,5000.0,,,2.1e-06,0.14
36,,,2.12e-06,5200.0,,,2.12e-06,0.14
37,,,2.14e-06,5400.0,,,2.14e-06,0.12
38,,,2.16e-06,5200.0,,,2.16e-06,0.1
39,,,2.18e-06,5400.0,,,2.18e-06,0.12
40,,,2.2e-06,5200.0,,,2.2e-06,0.12
41,,,2.22e-06,5200.0,,,2.22e-06,0.12
42,,,2.2399999999999997e-06,5200.0,,,2.2399999999999997e-06,0.1
43,,,2.26e-06,5200.0,,,2.26e-06,0.12
44,,,2.28e-06,5200.0,,,2.28e-06,0.08
45,,,2.3e-06,5200.0,,,2.3e-06,0.12
46,,,2.32e-06,5400.0,,,2.32e-06,0.1
47,,,2.34e-06,5200.0,,,2.34e-06,0.14
48,,,2.3600000000000003e-06,5200.0,,,2.3600000000000003e-06,0.1
49,,,2.38e-06,5400.0,,,2.38e-06,0.12
50,,,2.4e-06,5200.0,,,2.4e-06,0.12
51,,,2.4199999999999997e-06,5200.0,,,2.4199999999999997e-06,0.12
52,,,2.44e-06,5000.0,,,2.44e-06,0.12
53,,,2.46e-06,5200.0,,,2.46e-06,0.08
54,,,2.48e-06,5400.0,,,2.48e-06,0.1
55,,,2.4999999999999998e-06,5200.0,,,2.4999999999999998e-06,0.14
56,,,2.52e-06,5200.0,,,2.52e-06,0.14
57,,,2.5400000000000002e-06,5200.0,,,2.5400000000000002e-06,0.12
58,,,2.56e-06,5200.0,,,2.56e-06,0.08
59,,,2.58e-06,5400.0,,,2.58e-06,0.12
60,,,2.5999999999999997e-06,5400.0,,,2.5999999999999997e-06,0.12
61,,,2.62e-06,5400.0,,,2.62e-06,0.12
62,,,2.64e-06,5400.0,,,2.64e-06,0.12
63,,,2.66e-06,5200.0,,,2.66e-06,0.08
64,,,2.6799999999999998e-06,5200.0,,,2.6799999999999998e-06,0.1
65,,,2.7e-06,5600.0,,,2.7e-06,0.12
66,,,2.7200000000000002e-06,5400.0,,,2.7200000000000002e-06,0.12
67,,,2.74e-06,5400.0,,,2.74e-06,0.1
68,,,2.76e-06,5400.0,,,2.76e-06,0.08
69,,,2.78e-06,5400.0,,,2.78e-06,0.1
70,,,2.8e-06,5400.0,,,2.8e-06,0.14
71,,,2.82e-06,5200.0,,,2.82e-06,0.1
72,,,2.84e-06,5400.0,,,2.84e-06,0.12
73,,,2.8599999999999997e-06,5400.0,,,2.8599999999999997e-06,0.12
74,,,2.88e-06,5200.0,,,2.88e-06,0.14
75,,,2.9e-06,5400.0,,,2.9e-06,0.12
76,,,2.92e-06,5400.0,,,2.92e-06,0.14
77,,,2.94e-06,5400.0,,,2.94e-06,0.1
78,,,2.96e-06,5200.0,,,2.96e-06,0.16
79,,,2.9800000000000003e-06,5600.0,,,2.9800000000000003e-06,0.1
80,,,3e-06,5400.0,,,3e-06,0.12
81,,,3.02e-06,5400.0,,,3.02e-06,0.12
82,,,3.0399999999999997e-06,5400.0,,,3.0399999999999997e-06,0.1
83,,,3.06e-06,5600.0,,,3.06e-06,0.12
84,,,3.08e-06,5600.0,,,3.08e-06,0.1
85,,,3.1e-06,5400.0,,,3.1e-06,0.12
86,,,3.1199999999999998e-06,5600.0,,,3.1199999999999998e-06,0.1
87,,,3.14e-06,5600.0,,,3.14e-06,0.14
88,,,3.1600000000000002e-06,5800.0,,,3.1600000000000002e-06,0.12
89,,,3.18e-06,5400.0,,,3.18e-06,0.1
90,,,3.2e-06,5400.0,,,3.2e-06,0.1
91,,,3.2199999999999997e-06,5600.0,,,3.2199999999999997e-06,0.14
92,,,3.24e-06,5600.0,,,3.24e-06,0.1
93,,,3.26e-06,5600.0,,,3.26e-06,0.12
94,,,3.28e-06,5800.0,,,3.28e-06,0.12
95,,,3.2999999999999997e-06,5600.0,,,3.2999999999999997e-06,0.12
96,,,3.3200000000000004e-06,5800.0,,,3.3200000000000004e-06,0.1
97,,,3.34e-06,5800.0,,,3.34e-06,0.14
98,,,3.36e-06,5800.0,,,3.36e-06,0.12
99,,,3.38e-06,5600.0,,,3.38e-06,0.12
100,,,3.3999999999999996e-06,5600.0,,,3.3999999999999996e-06,0.12
101,,,3.4200000000000003e-06,5600.0,,,3.4200000000000003e-06,0.12
102,,,3.44e-06,5600.0,,,3.44e-06,0.12
103,,,3.46e-06,5800.0,,,3.46e-06,0.12
104,,,3.4799999999999997e-06,5800.0,,,3.4799999999999997e-06,0.14
105,,,3.5000000000000004e-06,5600.0,,,3.5000000000000004e-06,0.12
106,,,3.52e-06,5800.0,,,3.52e-06,0.12
107,,,3.54e-06,5800.0,,,3.54e-06,0.14
108,,,3.56e-06,5600.0,,,3.56e-06,0.18
109,,,3.5799999999999996e-06,5800.0,,,3.5799999999999996e-06,0.14
110,,,3.6000000000000003e-06,5600.0,,,3.6000000000000003e-06,0.1
111,,,3.62e-06,5600.0,,,3.62e-06,0.12
112,,,3.64e-06,5800.0,,,3.64e-06,0.12
113,,,3.6599999999999997e-06,5800.0,,,3.6599999999999997e-06,0.12
114,,,3.6800000000000003e-06,5800.0,,,3.6800000000000003e-06,0.1
115,,,3.7e-06,5800.0,,,3.7e-06,0.08
116,,,3.72e-06,6000.0,,,3.72e-06,0.14
117,,,3.7399999999999998e-06,5800.0,,,3.7399999999999998e-06,0.12
118,,,3.7599999999999996e-06,5800.0,,,3.7599999999999996e-06,0.14
119,,,3.7800000000000002e-06,5800.0,,,3.7800000000000002e-06,0.14
120,,,3.8e-06,5800.0,,,3.8e-06,0.12
121,,,3.82e-06,5800.0,,,3.82e-06,0.12
122,,,3.84e-06,5800.0,,,3.84e-06,0.12
123,,,3.86e-06,6000.0,,,3.86e-06,0.12
124,,,3.88e-06,6000.0,,,3.88e-06,0.12
125,,,3.9e-06,5800.0,,,3.9e-06,0.12
126,,,3.92e-06,5800.0,,,3.92e-06,0.14
127,,,3.94e-06,6000.0,,,3.94e-06,0.12
128,,,3.96e-06,5800.0,,,3.96e-06,0.12
129,,,3.98e-06,5800.0,,,3.98e-06,0.12
130,,,4e-06,6200.0,,,4e-06,0.14
131,,,4.02e-06,5800.0,,,4.02e-06,0.12
132,,,4.04e-06,6000.0,,,4.04e-06,0.12
133,,,4.06e-06,5800.0,,,4.06e-06,0.12
134,,,4.08e-06,6000.0,,,4.08e-06,0.12
135,,,4.1e-06,5800.0,,,4.1e-06,0.14
136,,,4.12e-06,6000.0,,,4.12e-06,0.12
137,,,4.14e-06,5800.0,,,4.14e-06,0.12
138,,,4.16e-06,6000.0,,,4.16e-06,0.14
139,,,4.18e-06,6200.0,,,4.18e-06,0.12
140,,,4.2e-06,6200.0,,,4.2e-06,0.1
141,,,4.22e-06,6000.0,,,4.22e-06,0.14
142,,,4.24e-06,6000.0,,,4.24e-06,0.12
143,,,4.26e-06,6000.0,,,4.26e-06,0.1
144,,,4.28e-06,6000.0,,,4.28e-06,0.12
145,,,4.3e-06,6200.0,,,4.3e-06,0.12
146,,,4.32e-06,6000.0,,,4.32e-06,0.12
147,,,4.34e-06,6200.0,,,4.34e-06,0.12
148,,,4.36e-06,6200.0,,,4.36e-06,0.12
149,,,4.38e-06,6200.0,,,4.38e-06,0.14
150,,,4.4e-06,6200.0,,,4.4e-06,0.12
151,,,4.42e-06,6000.0,,,4.42e-06,0.12
152,,,4.44e-06,6200.0,,,4.44e-06,0.1
153,,,4.46e-06,6200.0,,,4.46e-06,0.12
154,,,4.48e-06,6000.0,,,4.48e-06,0.12
155,,,4.5e-06,6000.0,,,4.5e-06,0.12
156,,,4.52e-06,6000.0,,,4.52e-06,0.12
157,,,4.54e-06,6200.0,,,4.54e-06,0.08
158,,,4.56e-06,6400.0,,,4.56e-06,0.1
159,,,4.58e-06,6200.0,,,4.58e-06,0.12
160,,,4.6e-06,6400.0,,,4.6e-06,0.14
161,,,4.62e-06,6200.0,,,4.62e-06,0.12
162,,,4.64e-06,6200.0,,,4.64e-06,0.06
163,,,4.66e-06,6200.0,,,4.66e-06,0.14
164,,,4.68e-06,6200.0,,,4.68e-06,0.12
165,,,4.7e-06,6200.0,,,4.7e-06,0.12
166,,,4.72e-06,6200.0,,,4.72e-06,0.14
167,,,4.74e-06,6400.0,,,4.74e-06,0.08
168,,,4.76e-06,6000.0,,,4.76e-06,0.12
169,,,4.78e-06,6200.0,,,4.78e-06,0.14
170,,,4.8e-06,6000.0,,,4.8e-06,0.12
171,,,4.82e-06,6200.0,,,4.82e-06,0.12
172,,,4.84e-06,6000.0,,,4.84e-06,0.08
173,,,4.86e-06,6400.0,,,4.86e-06,0.1
174,,,4.88e-06,6400.0,,,4.88e-06,0.12
175,,,4.9e-06,6200.0,,,4.9e-06,0.12
176,,,4.92e-06,6400.0,,,4.92e-06,0.1
177,,,4.94e-06,6200.0,,,4.94e-06,0.1
178,,,4.96e-06,6400.0,,,4.96e-06,0.1
179,,,4.98e-06,6400.0,,,4.98e-06,0.12
180,,,5e-06,6200.0,,,5e-06,0.1
181,,,5.02e-06,6400.0,,,5.02e-06,0.14
182,,,5.04e-06,6200.0,,,5.04e-06,0.12
183,,,5.06e-06,6400.0,,,5.06e-06,0.12
184,,,5.08e-06,6400.0,,,5.08e-06,0.14
185,,,5.1e-06,6400.0,,,5.1e-06,0.12
186,,,5.12e-06,6200.0,,,5.12e-06,0.12
187,,,5.14e-06,6200.0,,,5.14e-06,0.12
188,,,5.16e-06,6400.0,,,5.16e-06,0.12
189,,,5.18e-06,6200.0,,,5.18e-06,0.12
190,,,5.2e-06,6200.0,,,5.2e-06,0.12
191,,,5.22e-06,6400.0,,,5.22e-06,0.12
192,,,5.240000000000001e-06,6400.0,,,5.240000000000001e-06,0.1
193,,,5.2600000000000005e-06,6400.0,,,5.2600000000000005e-06,0.14
194,,,5.28e-06,6400.0,,,5.28e-06,0.12
195,,,5.3e-06,6600.0,,,5.3e-06,0.08
196,,,5.32e-06,6400.0,,,5.32e-06,0.12
197,,,5.3400000000000005e-06,6600.0,,,5.3400000000000005e-06,0.12
198,,,5.36e-06,6600.0,,,5.36e-06,0.12
199,,,5.38e-06,6400.0,,,5.38e-06,0.1
200,,,5.4e-06,6600.0,,,5.4e-06,0.12
201,,,5.420000000000001e-06,6600.0,,,5.420000000000001e-06,0.12
202,,,5.4400000000000004e-06,6600.0,,,5.4400000000000004e-06,0.14
203,,,5.46e-06,6400.0,,,5.46e-06,0.12
204,,,5.48e-06,6400.0,,,5.48e-06,0.08
205,,,5.5e-06,6600.0,,,5.5e-06,0.1
206,,,5.5200000000000005e-06,6600.0,,,5.5200000000000005e-06,0.12
207,,,5.54e-06,6600.0,,,5.54e-06,0.14
208,,,5.56e-06,6600.0,,,5.56e-06,0.16
209,,,5.58e-06,6600.0,,,5.58e-06,0.1
210,,,5.600000000000001e-06,6600.0,,,5.600000000000001e-06,0.12
211,,,5.62e-06,6600.0,,,5.62e-06,0.12
212,,,5.64e-06,6600.0,,,5.64e-06,0.1
213,,,5.66e-06,6800.0,,,5.66e-06,0.1
214,,,5.68e-06,6600.0,,,5.68e-06,0.08
215,,,5.7000000000000005e-06,6600.0,,,5.7000000000000005e-06,0.12
216,,,5.72e-06,6600.0,,,5.72e-06,0.12
217,,,5.74e-06,6600.0,,,5.74e-06,0.1
218,,,5.76e-06,6600.0,,,5.76e-06,0.12
219,,,5.7800000000000006e-06,6800.0,,,5.7800000000000006e-06,0.12
220,,,5.8e-06,6600.0,,,5.8e-06,0.12
221,,,5.82e-06,6600.0,,,5.82e-06,0.12
222,,,5.84e-06,6600.0,,,5.84e-06,0.14
223,,,5.860000000000001e-06,6400.0,,,5.860000000000001e-06,0.12
224,,,5.8800000000000005e-06,6600.0,,,5.8800000000000005e-06,0.12
225,,,5.9e-06,6600.0,,,5.9e-06,0.16
226,,,5.92e-06,6800.0,,,5.92e-06,0.14
227,,,5.94e-06,6600.0,,,5.94e-06,0.14
228,,,5.9600000000000005e-06,6600.0,,,5.9600000000000005e-06,0.12
229,,,5.98e-06,7000.0,,,5.98e-06,0.12
230,,,6e-06,6800.0,,,6e-06,0.14
231,,,6.02e-06,6600.0,,,6.02e-06,0.14
232,,,6.040000000000001e-06,7000.0,,,6.040000000000001e-06,0.14
233,,,6.0600000000000004e-06,6800.0,,,6.0600000000000004e-06,0.14
234,,,6.08e-06,6800.0,,,6.08e-06,0.12
235,,,6.1e-06,7000.0,,,6.1e-06,0.1
236,,,6.12e-06,6600.0,,,6.12e-06,0.12
237,,,6.1400000000000005e-06,6800.0,,,6.1400000000000005e-06,0.14
238,,,6.16e-06,6800.0,,,6.16e-06,0.12
239,,,6.18e-06,6800.0,,,6.18e-06,0.1
240,,,6.2e-06,6800.0,,,6.2e-06,0.12
241,,,6.220000000000001e-06,6800.0,,,6.220000000000001e-06,0.14
242,,,6.24e-06,7000.0,,,6.24e-06,0.08
243,,,6.26e-06,7000.0,,,6.26e-06,0.12
244,,,6.28e-06,7200.0,,,6.28e-06,0.12
245,,,6.300000000000001e-06,6800.0,,,6.300000000000001e-06,0.12
246,,,6.3200000000000005e-06,6800.0,,,6.3200000000000005e-06,0.14
247,,,6.34e-06,7000.0,,,6.34e-06,0.1
248,,,6.36e-06,6800.0,,,6.36e-06,0.14
249,,,6.38e-06,6800.0,,,6.38e-06,0.12
250,,,6.4000000000000006e-06,6800.0,,,6.4000000000000006e-06,0.12
251,,,6.42e-06,6800.0,,,6.42e-06,0.1
252,,,6.44e-06,7000.0,,,6.44e-06,0.12
253,,,6.46e-06,6800.0,,,6.46e-06,0.12
254,,,6.480000000000001e-06,7000.0,,,6.480000000000001e-06,0.14
255,,,6.5000000000000004e-06,7000.0,,,6.5000000000000004e-06,0.12
256,,,6.52e-06,7000.0,,,6.52e-06,0.08
257,,,6.54e-06,7000.0,,,6.54e-06,0.12
258,,,6.56e-06,7200.0,,,6.56e-06,0.12
259,,,6.5800000000000005e-06,7000.0,,,6.5800000000000005e-06,0.12
260,,,6.6e-06,7000.0,,,6.6e-06,0.12
261,,,6.62e-06,7200.0,,,6.62e-06,0.08
262,,,6.64e-06,7000.0,,,6.64e-06,0.12
263,,,6.660000000000001e-06,7000.0,,,6.660000000000001e-06,0.14
264,,,6.68e-06,7200.0,,,6.68e-06,0.12
265,,,6.7e-06,7000.0,,,6.7e-06,0.12
266,,,6.72e-06,7000.0,,,6.72e-06,0.08
267,,,6.74e-06,7000.0,,,6.74e-06,0.12
268,,,6.7600000000000005e-06,7200.0,,,6.7600000000000005e-06,0.14
269,,,6.78e-06,6800.0,,,6.78e-06,0.12
270,,,6.8e-06,7200.0,,,6.8e-06,0.1
271,,,6.82e-06,6800.0,,,6.82e-06,0.14
272,,,6.840000000000001e-06,7200.0,,,6.840000000000001e-06,0.14
273,,,6.86e-06,7200.0,,,6.86e-06,0.12
274,,,6.88e-06,7000.0,,,6.88e-06,0.14
275,,,6.9e-06,7200.0,,,6.9e-06,0.12
276,,,6.920000000000001e-06,7000.0,,,6.920000000000001e-06,0.12
277,,,6.9400000000000005e-06,7000.0,,,6.9400000000000005e-06,0.12
278,,,6.96e-06,7400.0,,,6.96e-06,0.14
279,,,6.98e-06,7000.0,,,6.98e-06,0.1
280,,,7e-06,7200.0,,,7e-06,0.12
281,,,7.0200000000000006e-06,7000.0,,,7.0200000000000006e-06,0.14
282,,,7.04e-06,7200.0,,,7.04e-06,0.12
283,,,7.06e-06,7200.0,,,7.06e-06,0.12
284,,,7.08e-06,7200.0,,,7.08e-06,0.12
285,,,7.100000000000001e-06,7200.0,,,7.100000000000001e-06,0.12
286,,,7.1200000000000004e-06,7400.0,,,7.1200000000000004e-06,0.12
287,,,7.14e-06,7200.0,,,7.14e-06,0.1
288,,,7.16e-06,7200.0,,,7.16e-06,0.14
289,,,7.18e-06,7400.0,,,7.18e-06,0.12
290,,,7.2000000000000005e-06,7400.0,,,7.2000000000000005e-06,0.12
291,,,7.22e-06,7200.0,,,7.22e-06,0.12
292,,,7.24e-06,7400.0,,,7.24e-06,0.12
293,,,7.26e-06,7400.0,,,7.26e-06,0.14
294,,,7.280000000000001e-06,7400.0,,,7.280000000000001e-06,0.12
295,,,7.3e-06,7000.0,,,7.3e-06,0.12
296,,,7.32e-06,7200.0,,,7.32e-06,0.14
297,,,7.34e-06,7400.0,,,7.34e-06,0.12
298,,,7.360000000000001e-06,7400.0,,,7.360000000000001e-06,0.12
299,,,7.3800000000000005e-06,7200.0,,,7.3800000000000005e-06,0.12
300,,,7.4e-06,7400.0,,,7.4e-06,0.12
301,,,7.42e-06,7400.0,,,7.42e-06,0.12
302,,,7.44e-06,7200.0,,,7.44e-06,0.16
303,,,7.4600000000000006e-06,7600.0,,,7.4600000000000006e-06,0.1
304,,,7.48e-06,7400.0,,,7.48e-06,0.1
305,,,7.5e-06,7400.0,,,7.5e-06,0.12
306,,,7.52e-06,7400.0,,,7.52e-06,0.14
307,,,7.540000000000001e-06,7400.0,,,7.540000000000001e-06,0.1
308,,,7.5600000000000005e-06,7200.0,,,7.5600000000000005e-06,0.12
309,,,7.58e-06,7200.0,,,7.58e-06,0.1
310,,,7.6e-06,7600.0,,,7.6e-06,0.12
311,,,7.62e-06,7400.0,,,7.62e-06,0.14
312,,,7.64e-06,7400.0,,,7.64e-06,0.12
313,,,7.66e-06,7400.0,,,7.66e-06,0.08
314,,,7.68e-06,7400.0,,,7.68e-06,0.14
315,,,7.699999999999999e-06,7600.0,,,7.699999999999999e-06,0.12
316,,,7.72e-06,7400.0,,,7.72e-06,0.14
317,,,7.74e-06,7600.0,,,7.74e-06,0.14
318,,,7.76e-06,7600.0,,,7.76e-06,0.1
319,,,7.78e-06,7400.0,,,7.78e-06,0.12
320,,,7.8e-06,7600.0,,,7.8e-06,0.1
321,,,7.82e-06,7400.0,,,7.82e-06,0.12
322,,,7.84e-06,7400.0,,,7.84e-06,0.14
323,,,7.86e-06,7400.0,,,7.86e-06,0.12
324,,,7.879999999999999e-06,7600.0,,,7.879999999999999e-06,0.14
325,,,7.9e-06,7600.0,,,7.9e-06,0.14
326,,,7.92e-06,7400.0,,,7.92e-06,0.14
327,,,7.94e-06,7600.0,,,7.94e-06,0.12
328,,,7.96e-06,7600.0,,,7.96e-06,0.12
329,,,7.98e-06,7800.0,,,7.98e-06,0.12
330,,,8e-06,7400.0,,,8e-06,0.14
331,,,8.02e-06,7600.0,,,8.02e-06,0.1
332,,,8.04e-06,7600.0,,,8.04e-06,0.12
333,,,8.059999999999999e-06,7800.0,,,8.059999999999999e-06,0.12
334,,,8.08e-06,7600.0,,,8.08e-06,0.12
335,,,8.1e-06,7600.0,,,8.1e-06,0.12
336,,,8.12e-06,7600.0,,,8.12e-06,0.12
337,,,8.14e-06,7800.0,,,8.14e-06,0.12
338,,,8.16e-06,7600.0,,,8.16e-06,0.14
339,,,8.18e-06,8000.0,,,8.18e-06,0.1
340,,,8.2e-06,7400.0,,,8.2e-06,0.14
341,,,8.22e-06,7400.0,,,8.22e-06,0.08
342,,,8.239999999999999e-06,7600.0,,,8.239999999999999e-06,0.12
343,,,8.26e-06,7800.0,,,8.26e-06,0.12
344,,,8.28e-06,7800.0,,,8.28e-06,0.12
345,,,8.3e-06,7600.0,,,8.3e-06,0.1
346,,,8.32e-06,7800.0,,,8.32e-06,0.12
347,,,8.34e-06,7800.0,,,8.34e-06,0.14
348,,,8.36e-06,7600.0,,,8.36e-06,0.14
349,,,8.38e-06,7800.0,,,8.38e-06,0.1
350,,,8.4e-06,7600.0,,,8.4e-06,0.08
351,,,8.42e-06,7800.0,,,8.42e-06,0.1
352,,,8.44e-06,7600.0,,,8.44e-06,0.12
353,,,8.46e-06,7800.0,,,8.46e-06,0.12
354,,,8.48e-06,7800.0,,,8.48e-06,0.12
355,,,8.5e-06,7600.0,,,8.5e-06,0.06
356,,,8.52e-06,7800.0,,,8.52e-06,0.1
357,,,8.54e-06,7800.0,,,8.54e-06,0.14
358,,,8.56e-06,8000.0,,,8.56e-06,0.12
359,,,8.58e-06,7800.0,,,8.58e-06,0.1
360,,,8.6e-06,7800.0,,,8.6e-06,0.08
361,,,8.62e-06,7600.0,,,8.62e-06,0.12
362,,,8.64e-06,8000.0,,,8.64e-06,0.12
363,,,8.66e-06,8000.0,,,8.66e-06,0.14
364,,,8.68e-06,8000.0,,,8.68e-06,0.12
365,,,8.7e-06,7800.0,,,8.7e-06,0.14
366,,,8.72e-06,8000.0,,,8.72e-06,0.04
367,,,8.74e-06,7800.0,,,8.74e-06,0.06
368,,,8.759999999999999e-06,7600.0,,,8.759999999999999e-06,0.12
369,,,8.78e-06,7800.0,,,8.78e-06,0.14
370,,,8.8e-06,7600.0,,,8.8e-06,0.12
371,,,8.82e-06,8000.0,,,8.82e-06,0.08
372,,,8.84e-06,8000.0,,,8.84e-06,0.1
373,,,8.86e-06,7800.0,,,8.86e-06,0.12
374,,,8.88e-06,8000.0,,,8.88e-06,0.1
375,,,8.9e-06,7800.0,,,8.9e-06,0.12
376,,,8.92e-06,8000.0,,,8.92e-06,0.1
377,,,8.939999999999999e-06,8000.0,,,8.939999999999999e-06,0.12
378,,,8.96e-06,8000.0,,,8.96e-06,0.12
379,,,8.98e-06,7800.0,,,8.98e-06,0.12
380,,,9e-06,8000.0,,,9e-06,0.12
381,,,9.02e-06,7800.0,,,9.02e-06,0.12
382,,,9.04e-06,8000.0,,,9.04e-06,0.12
383,,,9.06e-06,7800.0,,,9.06e-06,0.1
384,,,9.080000000000001e-06,8000.0,,,9.080000000000001e-06,0.12
385,,,9.100000000000001e-06,8000.0,,,9.100000000000001e-06,0.1
386,,,9.12e-06,8000.0,,,9.12e-06,0.1
387,,,9.14e-06,7800.0,,,9.14e-06,0.12
388,,,9.16e-06,8000.0,,,9.16e-06,0.12
389,,,9.18e-06,8000.0,,,9.18e-06,0.12
390,,,9.2e-06,8000.0,,,9.2e-06,0.12
391,,,9.22e-06,8000.0,,,9.22e-06,0.12
392,,,9.24e-06,8000.0,,,9.24e-06,0.12
393,,,9.260000000000001e-06,8000.0,,,9.260000000000001e-06,0.08
394,,,9.280000000000001e-06,8200.0,,,9.280000000000001e-06,0.12
395,,,9.3e-06,8200.0,,,9.3e-06,0.12
396,,,9.32e-06,8000.0,,,9.32e-06,0.1
397,,,9.34e-06,8200.0,,,9.34e-06,0.1
398,,,9.36e-06,8200.0,,,9.36e-06,0.1
399,,,9.38e-06,8200.0,,,9.38e-06,0.1
400,,,9.4e-06,8200.0,,,9.4e-06,0.1
401,,,9.42e-06,8200.0,,,9.42e-06,0.14
402,,,9.440000000000001e-06,8000.0,,,9.440000000000001e-06,0.1
403,,,9.460000000000001e-06,8200.0,,,9.460000000000001e-06,0.12
404,,,9.48e-06,8000.0,,,9.48e-06,0.12
405,,,9.5e-06,8200.0,,,9.5e-06,0.12
406,,,9.52e-06,8200.0,,,9.52e-06,0.1
407,,,9.54e-06,8200.0,,,9.54e-06,0.08
408,,,9.56e-06,8200.0,,,9.56e-06,0.1
409,,,9.58e-06,8000.0,,,9.58e-06,0.1
410,,,9.6e-06,8200.0,,,9.6e-06,0.14
411,,,9.620000000000001e-06,8200.0,,,9.620000000000001e-06,0.12
412,,,9.640000000000001e-06,8600.0,,,9.640000000000001e-06,0.06
413,,,9.66e-06,8200.0,,,9.66e-06,0.12
414,,,9.68e-06,8400.0,,,9.68e-06,0.12
415,,,9.7e-06,8400.0,,,9.7e-06,0.12
416,,,9.72e-06,8200.0,,,9.72e-06,0.12
417,,,9.74e-06,8400.0,,,9.74e-06,0.1
418,,,9.76e-06,8200.0,,,9.76e-06,0.1
419,,,9.78e-06,8200.0,,,9.78e-06,0.12
420,,,9.800000000000001e-06,8200.0,,,9.800000000000001e-06,0.1
421,,,9.820000000000001e-06,8200.0,,,9.820000000000001e-06,0.1
422,,,9.84e-06,8200.0,,,9.84e-06,0.12
423,,,9.86e-06,8400.0,,,9.86e-06,0.12
424,,,9.88e-06,8400.0,,,9.88e-06,0.12
425,,,9.9e-06,8200.0,,,9.9e-06,0.12
426,,,9.92e-06,8200.0,,,9.92e-06,0.12
427,,,9.94e-06,8400.0,,,9.94e-06,0.12
428,,,9.96e-06,8400.0,,,9.96e-06,0.12
429,,,9.980000000000001e-06,8400.0,,,9.980000000000001e-06,0.1
430,,,1e-05,8400.0,,,1e-05,0.14
431,,,1.002e-05,8400.0,,,1.002e-05,0.12
432,,,1.004e-05,8400.0,,,1.004e-05,0.14
433,,,1.006e-05,8600.0,,,1.006e-05,0.12
434,,,1.008e-05,8400.0,,,1.008e-05,0.14
435,,,1.01e-05,8400.0,,,1.01e-05,0.12
436,,,1.012e-05,8400.0,,,1.012e-05,0.12
437,,,1.0140000000000001e-05,8600.0,,,1.0140000000000001e-05,0.1
438,,,1.0160000000000001e-05,8400.0,,,1.0160000000000001e-05,0.12
439,,,1.018e-05,8400.0,,,1.018e-05,0.12
440,,,1.02e-05,8600.0,,,1.02e-05,0.08
441,,,1.022e-05,8400.0,,,1.022e-05,0.12
442,,,1.024e-05,8400.0,,,1.024e-05,0.12
443,,,1.026e-05,8400.0,,,1.026e-05,0.12
444,,,1.028e-05,8400.0,,,1.028e-05,0.1
445,,,1.03e-05,8800.0,,,1.03e-05,0.12
446,,,1.0320000000000001e-05,8600.0,,,1.0320000000000001e-05,0.14
447,,,1.0340000000000001e-05,8600.0,,,1.0340000000000001e-05,0.12
448,,,1.036e-05,8600.0,,,1.036e-05,0.14
449,,,1.038e-05,8600.0,,,1.038e-05,0.08
450,,,1.04e-05,8400.0,,,1.04e-05,0.12
451,,,1.042e-05,8400.0,,,1.042e-05,0.12
452,,,1.044e-05,8600.0,,,1.044e-05,0.12
453,,,1.046e-05,8400.0,,,1.046e-05,0.12
454,,,1.048e-05,8600.0,,,1.048e-05,0.08
455,,,1.0500000000000001e-05,8600.0,,,1.0500000000000001e-05,0.1
456,,,1.0520000000000001e-05,8600.0,,,1.0520000000000001e-05,0.12
457,,,1.054e-05,8800.0,,,1.054e-05,0.12
458,,,1.056e-05,8400.0,,,1.056e-05,0.1
459,,,1.058e-05,8600.0,,,1.058e-05,0.12
460,,,1.06e-05,8600.0,,,1.06e-05,0.12
461,,,1.062e-05,8600.0,,,1.062e-05,0.14
462,,,1.064e-05,8600.0,,,1.064e-05,0.12
463,,,1.066e-05,8800.0,,,1.066e-05,0.12
464,,,1.0680000000000001e-05,8800.0,,,1.0680000000000001e-05,0.08
465,,,1.0700000000000001e-05,8600.0,,,1.0700000000000001e-05,0.12
466,,,1.072e-05,8800.0,,,1.072e-05,0.12
467,,,1.074e-05,8400.0,,,1.074e-05,0.12
468,,,1.076e-05,8600.0,,,1.076e-05,0.1
469,,,1.078e-05,8600.0,,,1.078e-05,0.12
470,,,1.08e-05,8600.0,,,1.08e-05,0.16
471,,,1.082e-05,8800.0,,,1.082e-05,0.12
472,,,1.084e-05,8600.0,,,1.084e-05,0.12
473,,,1.0860000000000001e-05,8800.0,,,1.0860000000000001e-05,0.08
474,,,1.0880000000000001e-05,8600.0,,,1.0880000000000001e-05,0.1
475,,,1.09e-05,8800.0,,,1.09e-05,0.12
476,,,1.092e-05,8600.0,,,1.092e-05,0.12
477,,,1.094e-05,8800.0,,,1.094e-05,0.1
478,,,1.096e-05,8800.0,,,1.096e-05,0.1
479,,,1.098e-05,8800.0,,,1.098e-05,0.12
480,,,1.1e-05,8800.0,,,1.1e-05,0.1
481,,,1.102e-05,8800.0,,,1.102e-05,0.1
482,,,1.1040000000000001e-05,8800.0,,,1.1040000000000001e-05,0.1
483,,,1.106e-05,8800.0,,,1.106e-05,0.1
484,,,1.108e-05,8800.0,,,1.108e-05,0.12
485,,,1.11e-05,8800.0,,,1.11e-05,0.12
486,,,1.112e-05,8600.0,,,1.112e-05,0.12
487,,,1.114e-05,8800.0,,,1.114e-05,0.1
488,,,1.116e-05,8800.0,,,1.116e-05,0.12
489,,,1.118e-05,8800.0,,,1.118e-05,0.12
490,,,1.1200000000000001e-05,9000.0,,,1.1200000000000001e-05,0.12
491,,,1.1220000000000001e-05,8800.0,,,1.1220000000000001e-05,0.14
492,,,1.124e-05,8800.0,,,1.124e-05,0.08
493,,,1.126e-05,8800.0,,,1.126e-05,0.12
494,,,1.128e-05,9000.0,,,1.128e-05,0.1
495,,,1.13e-05,8800.0,,,1.13e-05,0.12
496,,,1.132e-05,9000.0,,,1.132e-05,0.12
497,,,1.134e-05,9000.0,,,1.134e-05,0.1
498,,,1.136e-05,9200.0,,,1.136e-05,0.08
499,,,1.1380000000000001e-05,9000.0,,,1.1380000000000001e-05,0.12
500,,,1.1400000000000001e-05,9000.0,,,1.1400000000000001e-05,0.14
501,,,1.142e-05,9000.0,,,1.142e-05,0.1
502,,,1.144e-05,9000.0,,,1.144e-05,0.12
503,,,1.146e-05,9000.0,,,1.146e-05,0.12
504,,,1.148e-05,9000.0,,,1.148e-05,0.14
505,,,1.15e-05,9000.0,,,1.15e-05,0.1
506,,,1.152e-05,9000.0,,,1.152e-05,0.1
507,,,1.154e-05,9000.0,,,1.154e-05,0.12
508,,,1.1560000000000001e-05,8800.0,,,1.1560000000000001e-05,0.12
509,,,1.1580000000000001e-05,9000.0,,,1.1580000000000001e-05,0.12
510,,,1.16e-05,9400.0,,,1.16e-05,0.1
511,,,1.162e-05,9200.0,,,1.162e-05,0.06
512,,,1.164e-05,9200.0,,,1.164e-05,0.14
513,,,1.166e-05,9000.0,,,1.166e-05,0.12
514,,,1.168e-05,9200.0,,,1.168e-05,0.14
515,,,1.17e-05,9200.0,,,1.17e-05,0.1
516,,,1.172e-05,9200.0,,,1.172e-05,0.08
517,,,1.1740000000000001e-05,9000.0,,,1.1740000000000001e-05,0.12
518,,,1.1760000000000001e-05,9200.0,,,1.1760000000000001e-05,0.12
519,,,1.178e-05,9000.0,,,1.178e-05,0.12
520,,,1.18e-05,9000.0,,,1.18e-05,0.1
521,,,1.182e-05,9000.0,,,1.182e-05,0.1
522,,,1.184e-05,9200.0,,,1.184e-05,0.12
523,,,1.186e-05,9200.0,,,1.186e-05,0.12
524,,,1.188e-05,9000.0,,,1.188e-05,0.12
525,,,1.19e-05,9000.0,,,1.19e-05,0.12
526,,,1.1920000000000001e-05,9400.0,,,1.1920000000000001e-05,0.1
527,,,1.1940000000000001e-05,9200.0,,,1.1940000000000001e-05,0.14
528,,,1.196e-05,9000.0,,,1.196e-05,0.1
529,,,1.198e-05,9200.0,,,1.198e-05,0.12
530,,,1.2e-05,9000.0,,,1.2e-05,0.14
531,,,1.202e-05,9200.0,,,1.202e-05,0.12
532,,,1.204e-05,9400.0,,,1.204e-05,0.12
533,,,1.206e-05,9200.0,,,1.206e-05,0.14
534,,,1.208e-05,9200.0,,,1.208e-05,0.12
535,,,1.2100000000000001e-05,9200.0,,,1.2100000000000001e-05,0.12
536,,,1.2120000000000001e-05,9200.0,,,1.2120000000000001e-05,0.12
537,,,1.214e-05,9200.0,,,1.214e-05,0.1
538,,,1.216e-05,9200.0,,,1.216e-05,0.12
539,,,1.218e-05,9200.0,,,1.218e-05,0.1
540,,,1.22e-05,9200.0,,,1.22e-05,0.12
541,,,1.222e-05,9400.0,,,1.222e-05,0.12
542,,,1.224e-05,9200.0,,,1.224e-05,0.12
543,,,1.2260000000000001e-05,9200.0,,,1.2260000000000001e-05,0.12
544,,,1.2280000000000001e-05,9200.0,,,1.2280000000000001e-05,0.12
545,,,1.23e-05,9200.0,,,1.23e-05,0.12
546,,,1.232e-05,9200.0,,,1.232e-05,0.08
547,,,1.234e-05,9200.0,,,1.234e-05,0.12
548,,,1.236e-05,9200.0,,,1.236e-05,0.1
549,,,1.238e-05,9400.0,,,1.238e-05,0.1
550,,,1.24e-05,9400.0,,,1.24e-05,0.1
551,,,1.242e-05,9200.0,,,1.242e-05,0.12
552,,,1.2440000000000001e-05,9200.0,,,1.2440000000000001e-05,0.12
553,,,1.2460000000000001e-05,9200.0,,,1.2460000000000001e-05,0.1
554,,,1.248e-05,9400.0,,,1.248e-05,0.12
555,,,1.25e-05,9400.0,,,1.25e-05,0.12
556,,,1.252e-05,9800.0,,,1.252e-05,0.14
557,,,1.254e-05,9400.0,,,1.254e-05,0.12
558,,,1.256e-05,9400.0,,,1.256e-05,0.1
559,,,1.258e-05,9600.0,,,1.258e-05,0.12
560,,,1.26e-05,9600.0,,,1.26e-05,0.14
561,,,1.2620000000000001e-05,9200.0,,,1.2620000000000001e-05,0.12
562,,,1.2640000000000001e-05,9400.0,,,1.2640000000000001e-05,0.1
563,,,1.266e-05,9200.0,,,1.266e-05,0.08
564,,,1.268e-05,9400.0,,,1.268e-05,0.1
565,,,1.27e-05,9600.0,,,1.27e-05,0.12
566,,,1.272e-05,9200.0,,,1.272e-05,0.12
567,,,1.274e-05,9400.0,,,1.274e-05,0.1
568,,,1.276e-05,9400.0,,,1.276e-05,0.1
569,,,1.278e-05,9400.0,,,1.278e-05,0.14
570,,,1.2800000000000001e-05,9800.0,,,1.2800000000000001e-05,0.1
571,,,1.2820000000000001e-05,9400.0,,,1.2820000000000001e-05,0.12
572,,,1.284e-05,9200.0,,,1.284e-05,0.1
573,,,1.286e-05,9400.0,,,1.286e-05,0.12
574,,,1.288e-05,9600.0,,,1.288e-05,0.12
575,,,1.29e-05,9600.0,,,1.29e-05,0.12
576,,,1.292e-05,9400.0,,,1.292e-05,0.08
577,,,1.294e-05,9400.0,,,1.294e-05,0.12
578,,,1.296e-05,9600.0,,,1.296e-05,0.1
579,,,1.2980000000000001e-05,9400.0,,,1.2980000000000001e-05,0.1
580,,,1.3000000000000001e-05,9600.0,,,1.3000000000000001e-05,0.14
581,,,1.302e-05,9400.0,,,1.302e-05,0.12
582,,,1.304e-05,9600.0,,,1.304e-05,0.08
583,,,1.306e-05,9600.0,,,1.306e-05,0.1
584,,,1.308e-05,9400.0,,,1.308e-05,0.12
585,,,1.31e-05,9400.0,,,1.31e-05,0.1
586,,,1.312e-05,9600.0,,,1.312e-05,0.08
587,,,1.314e-05,9600.0,,,1.314e-05,0.1
588,,,1.3160000000000001e-05,9800.0,,,1.3160000000000001e-05,0.12
589,,,1.3180000000000001e-05,9800.0,,,1.3180000000000001e-05,0.12
590,,,1.32e-05,9600.0,,,1.32e-05,0.12
591,,,1.322e-05,9600.0,,,1.322e-05,0.1
592,,,1.324e-05,9400.0,,,1.324e-05,0.12
593,,,1.326e-05,9600.0,,,1.326e-05,0.12
594,,,1.328e-05,9600.0,,,1.328e-05,0.1
595,,,1.33e-05,9600.0,,,1.33e-05,0.08
596,,,1.3320000000000001e-05,9600.0,,,1.3320000000000001e-05,0.1
597,,,1.3340000000000001e-05,9800.0,,,1.3340000000000001e-05,0.12
598,,,1.336e-05,9800.0,,,1.336e-05,0.12
599,,,1.338e-05,9800.0,,,1.338e-05,0.12
600,,,1.34e-05,9800.0,,,1.34e-05,0.1
601,,,1.342e-05,9800.0,,,1.342e-05,0.1
602,,,1.344e-05,9800.0,,,1.344e-05,0.1
603,,,1.346e-05,10000.0,,,1.346e-05,0.12
604,,,1.348e-05,10000.0,,,1.348e-05,0.1
605,,,1.3500000000000001e-05,9800.0,,,1.3500000000000001e-05,0.08
606,,,1.3520000000000001e-05,9600.0,,,1.3520000000000001e-05,0.1
607,,,1.354e-05,9800.0,,,1.354e-05,0.1
608,,,1.356e-05,9800.0,,,1.356e-05,0.12
609,,,1.358e-05,9600.0,,,1.358e-05,0.1
610,,,1.36e-05,9800.0,,,1.36e-05,0.08
611,,,1.362e-05,9800.0,,,1.362e-05,0.12
612,,,1.364e-05,9800.0,,,1.364e-05,0.12
613,,,1.366e-05,10000.0,,,1.366e-05,0.14
614,,,1.3680000000000001e-05,9600.0,,,1.3680000000000001e-05,0.12
615,,,1.3700000000000001e-05,9800.0,,,1.3700000000000001e-05,0.1
616,,,1.372e-05,9800.0,,,1.372e-05,0.1
617,,,1.374e-05,10000.0,,,1.374e-05,0.1
618,,,1.376e-05,9800.0,,,1.376e-05,0.14
619,,,1.378e-05,9600.0,,,1.378e-05,-0.14
620,,,1.38e-05,9800.0,,,1.38e-05,0.16
621,,,1.382e-05,9800.0,,,1.382e-05,0.38
622,,,1.384e-05,10000.0,,,1.384e-05,0.08
623,,,1.3860000000000001e-05,10000.0,,,1.3860000000000001e-05,-0.02
624,,,1.3880000000000001e-05,9800.0,,,1.3880000000000001e-05,0.02
625,,,1.39e-05,10000.0,,,1.39e-05,0.14
626,,,1.392e-05,10000.0,,,1.392e-05,0.26
627,,,1.394e-05,9800.0,,,1.394e-05,0.08
628,,,1.396e-05,9800.0,,,1.396e-05,0.02
629,,,1.398e-05,10000.0,,,1.398e-05,0.04
630,,,1.4e-05,10000.0,,,1.4e-05,0.2
631,,,1.402e-05,10000.0,,,1.402e-05,0.12
632,,,1.4040000000000001e-05,10000.0,,,1.4040000000000001e-05,0.1
633,,,1.4060000000000001e-05,9800.0,,,1.4060000000000001e-05,0.06
634,,,1.408e-05,10000.0,,,1.408e-05,0.1
635,,,1.41e-05,10000.0,,,1.41e-05,0.14
636,,,1.412e-05,10200.0,,,1.412e-05,0.1
637,,,1.414e-05,9800.0,,,1.414e-05,0.12
638,,,1.416e-05,10000.0,,,1.416e-05,0.06
639,,,1.418e-05,10000.0,,,1.418e-05,0.1
640,,,1.42e-05,10000.0,,,1.42e-05,0.14
641,,,1.4220000000000001e-05,10000.0,,,1.4220000000000001e-05,0.12
642,,,1.4240000000000001e-05,9800.0,,,1.4240000000000001e-05,0.1
643,,,1.426e-05,10200.0,,,1.426e-05,0.1
644,,,1.428e-05,9800.0,,,1.428e-05,0.12
645,,,1.43e-05,10000.0,,,1.43e-05,0.12
646,,,1.432e-05,10000.0,,,1.432e-05,0.12
647,,,1.434e-05,10000.0,,,1.434e-05,0.1
648,,,1.436e-05,10200.0,,,1.436e-05,0.1
649,,,1.4380000000000001e-05,9800.0,,,1.4380000000000001e-05,0.12
650,,,1.4400000000000001e-05,9800.0,,,1.4400000000000001e-05,0.12
651,,,1.4420000000000001e-05,10000.0,,,1.4420000000000001e-05,0.1
652,,,1.444e-05,10200.0,,,1.444e-05,0.06
653,,,1.446e-05,10000.0,,,1.446e-05,0.1
654,,,1.448e-05,10000.0,,,1.448e-05,0.12
655,,,1.45e-05,10200.0,,,1.45e-05,0.08
656,,,1.452e-05,10200.0,,,1.452e-05,0.1
657,,,1.454e-05,10200.0,,,1.454e-05,0.08
658,,,1.4560000000000001e-05,9800.0,,,1.4560000000000001e-05,0.12
659,,,1.4580000000000001e-05,10200.0,,,1.4580000000000001e-05,0.1
660,,,1.46e-05,10200.0,,,1.46e-05,0.12
661,,,1.462e-05,10200.0,,,1.462e-05,0.1
662,,,1.464e-05,10000.0,,,1.464e-05,0.08
663,,,1.466e-05,10200.0,,,1.466e-05,0.1
664,,,1.468e-05,10200.0,,,1.468e-05,0.12
665,,,1.47e-05,10000.0,,,1.47e-05,0.12
666,,,1.472e-05,10400.0,,,1.472e-05,0.1
667,,,1.4740000000000001e-05,10200.0,,,1.4740000000000001e-05,0.08
668,,,1.4760000000000001e-05,10200.0,,,1.4760000000000001e-05,0.12
669,,,1.478e-05,10200.0,,,1.478e-05,0.1
670,,,1.48e-05,10000.0,,,1.48e-05,0.12
671,,,1.482e-05,10400.0,,,1.482e-05,0.06
672,,,1.484e-05,10000.0,,,1.484e-05,0.1
673,,,1.486e-05,10200.0,,,1.486e-05,0.08
674,,,1.488e-05,10200.0,,,1.488e-05,0.12
675,,,1.49e-05,10000.0,,,1.49e-05,0.1
676,,,1.4920000000000001e-05,10200.0,,,1.4920000000000001e-05,0.12
677,,,1.4940000000000001e-05,10400.0,,,1.4940000000000001e-05,0.1
678,,,1.496e-05,10200.0,,,1.496e-05,0.1
679,,,1.498e-05,10200.0,,,1.498e-05,0.14
680,,,1.5e-05,10400.0,,,1.5e-05,0.1
681,,,1.502e-05,10400.0,,,1.502e-05,0.1
682,,,1.504e-05,10400.0,,,1.504e-05,0.08
683,,,1.506e-05,10400.0,,,1.506e-05,0.12
684,,,1.508e-05,10200.0,,,1.508e-05,0.1
685,,,1.5100000000000001e-05,10400.0,,,1.5100000000000001e-05,0.06
686,,,1.5120000000000001e-05,10200.0,,,1.5120000000000001e-05,0.1
687,,,1.514e-05,10400.0,,,1.514e-05,0.1
688,,,1.516e-05,10600.0,,,1.516e-05,0.1
689,,,1.518e-05,10400.0,,,1.518e-05,0.12
690,,,1.52e-05,10400.0,,,1.52e-05,0.1
691,,,1.522e-05,10400.0,,,1.522e-05,0.08
692,,,1.524e-05,10200.0,,,1.524e-05,0.1
693,,,1.526e-05,10400.0,,,1.526e-05,0.12
694,,,1.528e-05,10400.0,,,1.528e-05,0.1
695,,,1.53e-05,10400.0,,,1.53e-05,0.1
696,,,1.532e-05,10600.0,,,1.532e-05,0.12
697,,,1.534e-05,10600.0,,,1.534e-05,0.1
698,,,1.536e-05,10200.0,,,1.536e-05,0.1
699,,,1.538e-05,10400.0,,,1.538e-05,0.08
700,,,1.5399999999999998e-05,10400.0,,,1.5399999999999998e-05,0.12
701,,,1.5419999999999998e-05,10400.0,,,1.5419999999999998e-05,0.1
702,,,1.544e-05,10600.0,,,1.544e-05,0.1
703,,,1.546e-05,10600.0,,,1.546e-05,0.1
704,,,1.548e-05,10200.0,,,1.548e-05,0.1
705,,,1.55e-05,10600.0,,,1.55e-05,0.12
706,,,1.552e-05,10400.0,,,1.552e-05,0.1
707,,,1.554e-05,10400.0,,,1.554e-05,0.1
708,,,1.556e-05,10400.0,,,1.556e-05,0.1
709,,,1.558e-05,10400.0,,,1.558e-05,0.06
710,,,1.56e-05,10600.0,,,1.56e-05,0.12
711,,,1.562e-05,10600.0,,,1.562e-05,0.1
712,,,1.564e-05,10600.0,,,1.564e-05,0.1
713,,,1.566e-05,10400.0,,,1.566e-05,0.12
714,,,1.568e-05,10600.0,,,1.568e-05,0.08
715,,,1.57e-05,10400.0,,,1.57e-05,0.12
716,,,1.572e-05,10600.0,,,1.572e-05,0.1
717,,,1.574e-05,10400.0,,,1.574e-05,0.12
718,,,1.5759999999999998e-05,10600.0,,,1.5759999999999998e-05,0.1
719,,,1.5779999999999998e-05,10600.0,,,1.5779999999999998e-05,0.1
720,,,1.58e-05,10400.0,,,1.58e-05,0.12
721,,,1.582e-05,10600.0,,,1.582e-05,0.1
722,,,1.584e-05,10400.0,,,1.584e-05,0.12
723,,,1.586e-05,10600.0,,,1.586e-05,0.1
724,,,1.588e-05,10800.0,,,1.588e-05,0.1
725,,,1.59e-05,10800.0,,,1.59e-05,0.1
726,,,1.592e-05,10600.0,,,1.592e-05,0.1
727,,,1.594e-05,10800.0,,,1.594e-05,0.1
728,,,1.596e-05,10600.0,,,1.596e-05,0.1
729,,,1.598e-05,10800.0,,,1.598e-05,0.1
730,,,1.6e-05,10800.0,,,1.6e-05,0.1
731,,,1.602e-05,10400.0,,,1.602e-05,0.08
732,,,1.604e-05,10600.0,,,1.604e-05,0.1
733,,,1.606e-05,10800.0,,,1.606e-05,0.1
734,,,1.608e-05,10800.0,,,1.608e-05,0.1
735,,,1.61e-05,10800.0,,,1.61e-05,0.1
736,,,1.6119999999999998e-05,10400.0,,,1.6119999999999998e-05,0.12
737,,,1.6139999999999998e-05,10800.0,,,1.6139999999999998e-05,0.08
738,,,1.616e-05,10800.0,,,1.616e-05,0.12
739,,,1.618e-05,11000.0,,,1.618e-05,0.14
740,,,1.62e-05,10600.0,,,1.62e-05,0.12
741,,,1.622e-05,10600.0,,,1.622e-05,0.08
742,,,1.624e-05,10800.0,,,1.624e-05,0.12
743,,,1.626e-05,10600.0,,,1.626e-05,0.12
744,,,1.628e-05,10800.0,,,1.628e-05,0.12
745,,,1.63e-05,10600.0,,,1.63e-05,0.08
746,,,1.632e-05,10800.0,,,1.632e-05,0.12
747,,,1.634e-05,10800.0,,,1.634e-05,0.08
748,,,1.636e-05,10600.0,,,1.636e-05,0.12
749,,,1.638e-05,10600.0,,,1.638e-05,0.1
750,,,1.64e-05,10600.0,,,1.64e-05,0.12
751,,,1.642e-05,10800.0,,,1.642e-05,0.1
752,,,1.644e-05,10800.0,,,1.644e-05,0.1
753,,,1.6459999999999998e-05,10800.0,,,1.6459999999999998e-05,0.12
754,,,1.6479999999999998e-05,11000.0,,,1.6479999999999998e-05,0.14
755,,,1.65e-05,10800.0,,,1.65e-05,0.1
756,,,1.652e-05,10800.0,,,1.652e-05,0.1
757,,,1.654e-05,10800.0,,,1.654e-05,0.12
758,,,1.656e-05,11000.0,,,1.656e-05,0.12
759,,,1.658e-05,11000.0,,,1.658e-05,0.1
760,,,1.66e-05,10800.0,,,1.66e-05,0.08
761,,,1.662e-05,10800.0,,,1.662e-05,0.06
762,,,1.664e-05,10800.0,,,1.664e-05,0.08
763,,,1.666e-05,11000.0,,,1.666e-05,0.12
764,,,1.668e-05,10600.0,,,1.668e-05,0.08
765,,,1.67e-05,10800.0,,,1.67e-05,0.06
766,,,1.672e-05,10800.0,,,1.672e-05,0.1
767,,,1.674e-05,11000.0,,,1.674e-05,0.12
768,,,1.6760000000000002e-05,11000.0,,,1.6760000000000002e-05,0.1
769,,,1.6780000000000002e-05,10600.0,,,1.6780000000000002e-05,0.08
770,,,1.6800000000000002e-05,10800.0,,,1.6800000000000002e-05,0.08
771,,,1.682e-05,10800.0,,,1.682e-05,0.1
772,,,1.684e-05,11000.0,,,1.684e-05,0.1
773,,,1.686e-05,11200.0,,,1.686e-05,0.1
774,,,1.688e-05,10600.0,,,1.688e-05,0.1
775,,,1.69e-05,11000.0,,,1.69e-05,0.12
776,,,1.692e-05,11000.0,,,1.692e-05,0.1
777,,,1.694e-05,10800.0,,,1.694e-05,0.08
778,,,1.696e-05,11200.0,,,1.696e-05,0.1
779,,,1.698e-05,11000.0,,,1.698e-05,0.12
780,,,1.7e-05,10800.0,,,1.7e-05,0.1
781,,,1.702e-05,11000.0,,,1.702e-05,0.1
782,,,1.704e-05,11000.0,,,1.704e-05,0.12
783,,,1.706e-05,10800.0,,,1.706e-05,0.08
784,,,1.708e-05,11000.0,,,1.708e-05,0.08
785,,,1.71e-05,11000.0,,,1.71e-05,0.08
786,,,1.7120000000000002e-05,11000.0,,,1.7120000000000002e-05,0.12
787,,,1.7140000000000002e-05,11200.0,,,1.7140000000000002e-05,0.12
788,,,1.7160000000000002e-05,10800.0,,,1.7160000000000002e-05,0.1
789,,,1.718e-05,11200.0,,,1.718e-05,0.08
790,,,1.72e-05,11200.0,,,1.72e-05,0.1
791,,,1.722e-05,11000.0,,,1.722e-05,0.1
792,,,1.724e-05,11200.0,,,1.724e-05,0.08
793,,,1.726e-05,11000.0,,,1.726e-05,0.14
794,,,1.728e-05,11000.0,,,1.728e-05,0.1
795,,,1.73e-05,11000.0,,,1.73e-05,0.1
796,,,1.732e-05,11200.0,,,1.732e-05,0.12
797,,,1.734e-05,11000.0,,,1.734e-05,0.1
798,,,1.736e-05,11200.0,,,1.736e-05,0.08
799,,,1.738e-05,11000.0,,,1.738e-05,0.1
800,,,1.74e-05,11200.0,,,1.74e-05,0.1
801,,,1.742e-05,11000.0,,,1.742e-05,0.1
802,,,1.744e-05,11200.0,,,1.744e-05,0.1
803,,,1.746e-05,11400.0,,,1.746e-05,0.06
804,,,1.7480000000000002e-05,11000.0,,,1.7480000000000002e-05,0.1
805,,,1.7500000000000002e-05,11200.0,,,1.7500000000000002e-05,0.1
806,,,1.752e-05,11200.0,,,1.752e-05,0.08
807,,,1.754e-05,11200.0,,,1.754e-05,0.08
808,,,1.756e-05,11200.0,,,1.756e-05,0.08
809,,,1.758e-05,11200.0,,,1.758e-05,0.12
810,,,1.76e-05,11400.0,,,1.76e-05,0.1
811,,,1.762e-05,11200.0,,,1.762e-05,0.1
812,,,1.764e-05,11400.0,,,1.764e-05,0.08
813,,,1.766e-05,11200.0,,,1.766e-05,0.08
814,,,1.768e-05,11200.0,,,1.768e-05,0.1
815,,,1.77e-05,11200.0,,,1.77e-05,0.1
816,,,1.772e-05,11200.0,,,1.772e-05,0.1
817,,,1.774e-05,11200.0,,,1.774e-05,0.1
818,,,1.776e-05,11200.0,,,1.776e-05,0.08
819,,,1.778e-05,11200.0,,,1.778e-05,0.12
820,,,1.78e-05,11400.0,,,1.78e-05,0.12
821,,,1.7820000000000002e-05,11400.0,,,1.7820000000000002e-05,0.1
822,,,1.7840000000000002e-05,11200.0,,,1.7840000000000002e-05,0.1
823,,,1.7860000000000002e-05,11400.0,,,1.7860000000000002e-05,0.1
824,,,1.788e-05,11400.0,,,1.788e-05,0.1
825,,,1.79e-05,11400.0,,,1.79e-05,0.08
826,,,1.792e-05,11200.0,,,1.792e-05,0.1
827,,,1.794e-05,11200.0,,,1.794e-05,0.12
828,,,1.796e-05,11200.0,,,1.796e-05,0.1
829,,,1.798e-05,11400.0,,,1.798e-05,0.12
830,,,1.8e-05,11200.0,,,1.8e-05,0.12
831,,,1.802e-05,11400.0,,,1.802e-05,0.12
832,,,1.804e-05,11400.0,,,1.804e-05,0.1
833,,,1.806e-05,11400.0,,,1.806e-05,0.1
834,,,1.808e-05,11600.0,,,1.808e-05,0.12
835,,,1.81e-05,11400.0,,,1.81e-05,0.12
836,,,1.812e-05,11400.0,,,1.812e-05,0.1
837,,,1.814e-05,11400.0,,,1.814e-05,0.12
838,,,1.816e-05,11400.0,,,1.816e-05,0.08
839,,,1.8180000000000002e-05,11200.0,,,1.8180000000000002e-05,0.1
840,,,1.8200000000000002e-05,11400.0,,,1.8200000000000002e-05,0.1
841,,,1.8220000000000002e-05,11400.0,,,1.8220000000000002e-05,0.12
842,,,1.824e-05,11200.0,,,1.824e-05,0.12
843,,,1.826e-05,11400.0,,,1.826e-05,0.1
844,,,1.828e-05,11200.0,,,1.828e-05,0.08
845,,,1.83e-05,11400.0,,,1.83e-05,0.1
846,,,1.832e-05,11600.0,,,1.832e-05,0.08
847,,,1.834e-05,11400.0,,,1.834e-05,0.1
848,,,1.836e-05,11200.0,,,1.836e-05,0.1
849,,,1.838e-05,11200.0,,,1.838e-05,0.1
850,,,1.84e-05,11400.0,,,1.84e-05,0.08
851,,,1.842e-05,11400.0,,,1.842e-05,0.1
852,,,1.844e-05,11400.0,,,1.844e-05,0.1
853,,,1.846e-05,11600.0,,,1.846e-05,0.1
854,,,1.848e-05,11400.0,,,1.848e-05,0.1
855,,,1.85e-05,11600.0,,,1.85e-05,0.08
856,,,1.852e-05,11400.0,,,1.852e-05,0.1
857,,,1.8540000000000002e-05,11600.0,,,1.8540000000000002e-05,0.08
858,,,1.8560000000000002e-05,11400.0,,,1.8560000000000002e-05,0.1
859,,,1.858e-05,11600.0,,,1.858e-05,0.1
860,,,1.86e-05,11600.0,,,1.86e-05,0.08
861,,,1.862e-05,11400.0,,,1.862e-05,0.1
862,,,1.864e-05,11600.0,,,1.864e-05,0.1
863,,,1.866e-05,11400.0,,,1.866e-05,0.1
864,,,1.868e-05,11600.0,,,1.868e-05,0.06
865,,,1.87e-05,11400.0,,,1.87e-05,0.16
866,,,1.872e-05,11600.0,,,1.872e-05,0.14
867,,,1.874e-05,11600.0,,,1.874e-05,0.08
868,,,1.876e-05,11400.0,,,1.876e-05,0.18
869,,,1.878e-05,11400.0,,,1.878e-05,0.12
870,,,1.88e-05,11600.0,,,1.88e-05,0.08
871,,,1.882e-05,11600.0,,,1.882e-05,0.08
872,,,1.884e-05,11400.0,,,1.884e-05,0.1
873,,,1.886e-05,11400.0,,,1.886e-05,0.08
874,,,1.8880000000000002e-05,11400.0,,,1.8880000000000002e-05,0.12
875,,,1.8900000000000002e-05,11400.0,,,1.8900000000000002e-05,0.1
876,,,1.8920000000000002e-05,11800.0,,,1.8920000000000002e-05,0.08
877,,,1.894e-05,11600.0,,,1.894e-05,0.1
878,,,1.896e-05,11600.0,,,1.896e-05,0.1
879,,,1.898e-05,11800.0,,,1.898e-05,0.1
880,,,1.9e-05,11600.0,,,1.9e-05,0.1
881,,,1.902e-05,11400.0,,,1.902e-05,0.08
882,,,1.904e-05,11400.0,,,1.904e-05,0.14
883,,,1.906e-05,11600.0,,,1.906e-05,0.08
884,,,1.908e-05,11600.0,,,1.908e-05,0.08
885,,,1.91e-05,11800.0,,,1.91e-05,0.08
886,,,1.912e-05,11800.0,,,1.912e-05,0.08
887,,,1.914e-05,11400.0,,,1.914e-05,0.14
888,,,1.916e-05,11600.0,,,1.916e-05,0.08
889,,,1.918e-05,11800.0,,,1.918e-05,0.1
890,,,1.92e-05,11800.0,,,1.92e-05,0.1
891,,,1.922e-05,11800.0,,,1.922e-05,0.12
892,,,1.9240000000000002e-05,11800.0,,,1.9240000000000002e-05,0.1
893,,,1.9260000000000002e-05,11600.0,,,1.9260000000000002e-05,0.1
894,,,1.9280000000000002e-05,11800.0,,,1.9280000000000002e-05,0.08
895,,,1.93e-05,11800.0,,,1.93e-05,0.1
896,,,1.932e-05,11800.0,,,1.932e-05,0.1
897,,,1.934e-05,11600.0,,,1.934e-05,0.06
898,,,1.936e-05,11800.0,,,1.936e-05,0.08
899,,,1.938e-05,11800.0,,,1.938e-05,0.06
900,,,1.94e-05,12000.0,,,1.94e-05,0.12
901,,,1.942e-05,11800.0,,,1.942e-05,0.08
902,,,1.944e-05,11600.0,,,1.944e-05,0.06
903,,,1.946e-05,11800.0,,,1.946e-05,0.12
904,,,1.948e-05,12000.0,,,1.948e-05,0.08
905,,,1.95e-05,11800.0,,,1.95e-05,0.1
906,,,1.952e-05,11800.0,,,1.952e-05,0.06
907,,,1.954e-05,11800.0,,,1.954e-05,0.04
908,,,1.956e-05,11800.0,,,1.956e-05,0.1
909,,,1.958e-05,11800.0,,,1.958e-05,0.08
910,,,1.9600000000000002e-05,11800.0,,,1.9600000000000002e-05,0.12
911,,,1.9620000000000002e-05,11800.0,,,1.9620000000000002e-05,0.1
912,,,1.9640000000000002e-05,11800.0,,,1.9640000000000002e-05,0.1
913,,,1.966e-05,12000.0,,,1.966e-05,0.1
914,,,1.968e-05,12000.0,,,1.968e-05,0.1
915,,,1.97e-05,12000.0,,,1.97e-05,0.14
916,,,1.972e-05,12000.0,,,1.972e-05,0.08
917,,,1.974e-05,11800.0,,,1.974e-05,0.08
918,,,1.976e-05,11800.0,,,1.976e-05,0.1
919,,,1.978e-05,12000.0,,,1.978e-05,0.08
920,,,1.98e-05,11800.0,,,1.98e-05,0.1
921,,,1.982e-05,11600.0,,,1.982e-05,0.08
922,,,1.984e-05,12000.0,,,1.984e-05,0.08
923,,,1.986e-05,12000.0,,,1.986e-05,0.1
924,,,1.988e-05,11800.0,,,1.988e-05,0.1
925,,,1.99e-05,11800.0,,,1.99e-05,0.1
926,,,1.992e-05,12000.0,,,1.992e-05,0.08
927,,,1.9940000000000002e-05,12200.0,,,1.9940000000000002e-05,0.1
928,,,1.9960000000000002e-05,12000.0,,,1.9960000000000002e-05,0.08
929,,,1.9980000000000002e-05,11800.0,,,1.9980000000000002e-05,0.06
930,,,2e-05,11800.0,,,2e-05,0.08
931,,,2.002e-05,12000.0,,,2.002e-05,0.1
932,,,2.004e-05,12000.0,,,2.004e-05,0.08
933,,,2.006e-05,12000.0,,,2.006e-05,0.08
934,,,2.008e-05,11800.0,,,2.008e-05,0.1
935,,,2.01e-05,12000.0,,,2.01e-05,0.1
936,,,2.012e-05,11800.0,,,2.012e-05,0.14
937,,,2.014e-05,12000.0,,,2.014e-05,0.16
938,,,2.016e-05,12000.0,,,2.016e-05,0.14
939,,,2.018e-05,12000.0,,,2.018e-05,0.14
940,,,2.02e-05,12000.0,,,2.02e-05,0.12
941,,,2.022e-05,11800.0,,,2.022e-05,0.12
942,,,2.024e-05,12000.0,,,2.024e-05,0.16
943,,,2.026e-05,12000.0,,,2.026e-05,0.12
944,,,2.028e-05,12000.0,,,2.028e-05,0.1
945,,,2.0300000000000002e-05,12200.0,,,2.0300000000000002e-05,0.1
946,,,2.0320000000000002e-05,12000.0,,,2.0320000000000002e-05,0.1
947,,,2.0340000000000002e-05,12000.0,,,2.0340000000000002e-05,0.08
948,,,2.036e-05,11800.0,,,2.036e-05,0.08
949,,,2.038e-05,12000.0,,,2.038e-05,0.06
950,,,2.04e-05,12000.0,,,2.04e-05,0.08
951,,,2.042e-05,12000.0,,,2.042e-05,0.08
952,,,2.044e-05,12200.0,,,2.044e-05,0.1
953,,,2.046e-05,12000.0,,,2.046e-05,0.08
954,,,2.048e-05,12000.0,,,2.048e-05,0.08
955,,,2.05e-05,12200.0,,,2.05e-05,0.1
956,,,2.052e-05,12000.0,,,2.052e-05,0.1
957,,,2.054e-05,12200.0,,,2.054e-05,0.1
958,,,2.056e-05,11800.0,,,2.056e-05,0.1
959,,,2.058e-05,12200.0,,,2.058e-05,0.06
960,,,2.06e-05,12000.0,,,2.06e-05,0.08
961,,,2.062e-05,12200.0,,,2.062e-05,0.12
962,,,2.064e-05,12000.0,,,2.064e-05,0.08
963,,,2.0660000000000002e-05,12000.0,,,2.0660000000000002e-05,0.08
964,,,2.0680000000000002e-05,12000.0,,,2.0680000000000002e-05,0.08
965,,,2.0700000000000002e-05,12000.0,,,2.0700000000000002e-05,0.1
966,,,2.072e-05,12200.0,,,2.072e-05,0.1
967,,,2.074e-05,12000.0,,,2.074e-05,0.08
968,,,2.076e-05,12200.0,,,2.076e-05,0.08
969,,,2.078e-05,12000.0,,,2.078e-05,0.06
970,,,2.08e-05,12000.0,,,2.08e-05,0.1
971,,,2.082e-05,12000.0,,,2.082e-05,0.06
972,,,2.084e-05,12000.0,,,2.084e-05,0.08
973,,,2.086e-05,12200.0,,,2.086e-05,0.08
974,,,2.088e-05,12200.0,,,2.088e-05,0.08
975,,,2.09e-05,12200.0,,,2.09e-05,0.08
976,,,2.092e-05,12200.0,,,2.092e-05,0.12
977,,,2.094e-05,12200.0,,,2.094e-05,0.08
978,,,2.096e-05,12200.0,,,2.096e-05,0.08
979,,,2.098e-05,12200.0,,,2.098e-05,0.1
980,,,2.1000000000000002e-05,12200.0,,,2.1000000000000002e-05,0.1
981,,,2.1020000000000002e-05,11800.0,,,2.1020000000000002e-05,0.08
982,,,2.1040000000000002e-05,12200.0,,,2.1040000000000002e-05,0.08
983,,,2.106e-05,12000.0,,,2.106e-05,0.08
984,,,2.108e-05,12200.0,,,2.108e-05,0.08
985,,,2.11e-05,12400.0,,,2.11e-05,0.1
986,,,2.112e-05,12200.0,,,2.112e-05,0.08
987,,,2.114e-05,12200.0,,,2.114e-05,0.06
988,,,2.116e-05,12200.0,,,2.116e-05,0.1
989,,,2.118e-05,12400.0,,,2.118e-05,0.1
990,,,2.12e-05,12200.0,,,2.12e-05,0.08
991,,,2.122e-05,12200.0,,,2.122e-05,0.06
992,,,2.124e-05,12200.0,,,2.124e-05,0.08
993,,,2.126e-05,12400.0,,,2.126e-05,0.08
994,,,2.128e-05,12400.0,,,2.128e-05,0.08
995,,,2.13e-05,12200.0,,,2.13e-05,0.08
996,,,2.132e-05,12200.0,,,2.132e-05,0.06
997,,,2.134e-05,12200.0,,,2.134e-05,0.1
998,,,2.1360000000000002e-05,12400.0,,,2.1360000000000002e-05,0.08
999,,,2.1380000000000002e-05,12400.0,,,2.1380000000000002e-05,0.1
1000,,,2.1400000000000002e-05,12400.0,,,2.1400000000000002e-05,0.08
1001,,,2.142e-05,12200.0,,,2.142e-05,0.06
1002,,,2.144e-05,12200.0,,,2.144e-05,0.08
1003,,,2.146e-05,12200.0,,,2.146e-05,0.08
1004,,,2.148e-05,12400.0,,,2.148e-05,0.08
1005,,,2.15e-05,12400.0,,,2.15e-05,0.06
1006,,,2.152e-05,12000.0,,,2.152e-05,0.04
1007,,,2.154e-05,12400.0,,,2.154e-05,0.1
1008,,,2.156e-05,12400.0,,,2.156e-05,0.08
1009,,,2.158e-05,12200.0,,,2.158e-05,0.06
1010,,,2.16e-05,12400.0,,,2.16e-05,0.08
1011,,,2.162e-05,12400.0,,,2.162e-05,0.08
1012,,,2.164e-05,12400.0,,,2.164e-05,0.08
1013,,,2.166e-05,12400.0,,,2.166e-05,0.08
1014,,,2.168e-05,12400.0,,,2.168e-05,0.08
1015,,,2.17e-05,12400.0,,,2.17e-05,0.06
1016,,,2.1720000000000002e-05,12400.0,,,2.1720000000000002e-05,0.06
1017,,,2.1740000000000002e-05,12400.0,,,2.1740000000000002e-05,0.1
1018,,,2.1760000000000002e-05,12400.0,,,2.1760000000000002e-05,0.1
1019,,,2.178e-05,12400.0,,,2.178e-05,0.08
1020,,,2.18e-05,12200.0,,,2.18e-05,0.06
1021,,,2.182e-05,12400.0,,,2.182e-05,0.08
1022,,,2.184e-05,12600.0,,,2.184e-05,0.1
1023,,,2.186e-05,12600.0,,,2.186e-05,0.1
1024,,,2.188e-05,12200.0,,,2.188e-05,0.1
1025,,,2.19e-05,12400.0,,,2.19e-05,0.06
1026,,,2.192e-05,12400.0,,,2.192e-05,0.1
1027,,,2.194e-05,12600.0,,,2.194e-05,0.08
1028,,,2.196e-05,12400.0,,,2.196e-05,0.08
1029,,,2.198e-05,12400.0,,,2.198e-05,0.06
1030,,,2.2e-05,12600.0,,,2.2e-05,0.1
1031,,,2.202e-05,12400.0,,,2.202e-05,0.06
1032,,,2.204e-05,12600.0,,,2.204e-05,0.08
1033,,,2.2060000000000002e-05,12400.0,,,2.2060000000000002e-05,0.08
1034,,,2.2080000000000002e-05,12600.0,,,2.2080000000000002e-05,0.04
1035,,,2.2100000000000002e-05,12400.0,,,2.2100000000000002e-05,0.1
1036,,,2.212e-05,12600.0,,,2.212e-05,0.08
1037,,,2.214e-05,12400.0,,,2.214e-05,0.06
1038,,,2.216e-05,12400.0,,,2.216e-05,0.08
1039,,,2.218e-05,12400.0,,,2.218e-05,0.08
1040,,,2.22e-05,12600.0,,,2.22e-05,0.08
1041,,,2.222e-05,12400.0,,,2.222e-05,0.06
1042,,,2.224e-05,12400.0,,,2.224e-05,0.1
1043,,,2.226e-05,12400.0,,,2.226e-05,0.08
1044,,,2.228e-05,12800.0,,,2.228e-05,0.06
1045,,,2.23e-05,12400.0,,,2.23e-05,0.1
1046,,,2.232e-05,12600.0,,,2.232e-05,0.1
1047,,,2.234e-05,12600.0,,,2.234e-05,0.1
1048,,,2.236e-05,12600.0,,,2.236e-05,0.06
1049,,,2.238e-05,12600.0,,,2.238e-05,0.06
1050,,,2.24e-05,12800.0,,,2.24e-05,0.08
1051,,,2.2420000000000002e-05,12800.0,,,2.2420000000000002e-05,0.1
1052,,,2.2440000000000002e-05,12400.0,,,2.2440000000000002e-05,0.06
1053,,,2.2460000000000002e-05,12600.0,,,2.2460000000000002e-05,0.06
1054,,,2.248e-05,12400.0,,,2.248e-05,0.12
1055,,,2.25e-05,12600.0,,,2.25e-05,0.1
1056,,,2.252e-05,12600.0,,,2.252e-05,0.08
1057,,,2.254e-05,12800.0,,,2.254e-05,0.06
1058,,,2.256e-05,12600.0,,,2.256e-05,0.04
1059,,,2.258e-05,12600.0,,,2.258e-05,0.06
1060,,,2.26e-05,12600.0,,,2.26e-05,0.1
1061,,,2.262e-05,12400.0,,,2.262e-05,0.1
1062,,,2.264e-05,12800.0,,,2.264e-05,0.08
1063,,,2.266e-05,12600.0,,,2.266e-05,0.08
1064,,,2.268e-05,12600.0,,,2.268e-05,0.08
1065,,,2.27e-05,12800.0,,,2.27e-05,0.1
1066,,,2.272e-05,12600.0,,,2.272e-05,0.1
1067,,,2.274e-05,12600.0,,,2.274e-05,0.06
1068,,,2.276e-05,12800.0,,,2.276e-05,0.04
1069,,,2.2780000000000002e-05,12800.0,,,2.2780000000000002e-05,0.08
1070,,,2.2800000000000002e-05,12600.0,,,2.2800000000000002e-05,0.08
1071,,,2.2820000000000002e-05,12400.0,,,2.2820000000000002e-05,0.04
1072,,,2.284e-05,12600.0,,,2.284e-05,0.1
1073,,,2.286e-05,12600.0,,,2.286e-05,0.1
1074,,,2.288e-05,12600.0,,,2.288e-05,0.08
1075,,,2.29e-05,12600.0,,,2.29e-05,0.08
1076,,,2.292e-05,12600.0,,,2.292e-05,0.06
1077,,,2.294e-05,12400.0,,,2.294e-05,0.08
1078,,,2.296e-05,12600.0,,,2.296e-05,0.06
1079,,,2.298e-05,12600.0,,,2.298e-05,0.08
1080,,,2.3e-05,12400.0,,,2.3e-05,0.08
1081,,,2.302e-05,12600.0,,,2.302e-05,0.06
1082,,,2.304e-05,12600.0,,,2.304e-05,0.04
1083,,,2.306e-05,12800.0,,,2.306e-05,0.08
1084,,,2.308e-05,12600.0,,,2.308e-05,0.08
1085,,,2.31e-05,12600.0,,,2.31e-05,0.08
1086,,,2.3120000000000002e-05,12600.0,,,2.3120000000000002e-05,0.04
1087,,,2.3140000000000002e-05,12800.0,,,2.3140000000000002e-05,0.1
1088,,,2.3160000000000002e-05,12800.0,,,2.3160000000000002e-05,0.06
1089,,,2.318e-05,12600.0,,,2.318e-05,0.08
1090,,,2.32e-05,12800.0,,,2.32e-05,0.08
1091,,,2.322e-05,12600.0,,,2.322e-05,0.08
1092,,,2.324e-05,12800.0,,,2.324e-05,0.1
1093,,,2.326e-05,12800.0,,,2.326e-05,0.06
1094,,,2.328e-05,12800.0,,,2.328e-05,0.06
1095,,,2.33e-05,12800.0,,,2.33e-05,0.04
1096,,,2.332e-05,12800.0,,,2.332e-05,0.08
1097,,,2.334e-05,13000.0,,,2.334e-05,0.06
1098,,,2.336e-05,13000.0,,,2.336e-05,0.08
1099,,,2.338e-05,13000.0,,,2.338e-05,0.06
1100,,,2.34e-05,12600.0,,,2.34e-05,0.04
1101,,,2.342e-05,12800.0,,,2.342e-05,0.06
1102,,,2.344e-05,12800.0,,,2.344e-05,0.06
1103,,,2.346e-05,12600.0,,,2.346e-05,0.08
1104,,,2.3480000000000002e-05,12800.0,,,2.3480000000000002e-05,0.08
1105,,,2.3500000000000002e-05,13000.0,,,2.3500000000000002e-05,0.04
1106,,,2.3520000000000002e-05,13000.0,,,2.3520000000000002e-05,0.08
1107,,,2.354e-05,13000.0,,,2.354e-05,0.06
1108,,,2.356e-05,12800.0,,,2.356e-05,0.08
1109,,,2.358e-05,12800.0,,,2.358e-05,0.06
1110,,,2.36e-05,13000.0,,,2.36e-05,0.08
1111,,,2.362e-05,13000.0,,,2.362e-05,0.1
1112,,,2.364e-05,12800.0,,,2.364e-05,0.08
1113,,,2.366e-05,12800.0,,,2.366e-05,0.06
1114,,,2.368e-05,13000.0,,,2.368e-05,0.06
1115,,,2.37e-05,12800.0,,,2.37e-05,0.08
1116,,,2.372e-05,12800.0,,,2.372e-05,0.08
1117,,,2.374e-05,13000.0,,,2.374e-05,0.08
1118,,,2.376e-05,12600.0,,,2.376e-05,0.1
1119,,,2.378e-05,12800.0,,,2.378e-05,0.08
1120,,,2.38e-05,13000.0,,,2.38e-05,0.06
1121,,,2.382e-05,13000.0,,,2.382e-05,0.08
1122,,,2.3840000000000002e-05,13000.0,,,2.3840000000000002e-05,0.08
1123,,,2.3860000000000002e-05,12800.0,,,2.3860000000000002e-05,0.06
1124,,,2.3880000000000002e-05,12800.0,,,2.3880000000000002e-05,0.06
1125,,,2.39e-05,13000.0,,,2.39e-05,0.06
1126,,,2.392e-05,13000.0,,,2.392e-05,0.06
1127,,,2.394e-05,12800.0,,,2.394e-05,0.06
1128,,,2.396e-05,12800.0,,,2.396e-05,0.1
1129,,,2.398e-05,13000.0,,,2.398e-05,0.08
1130,,,2.4e-05,12800.0,,,2.4e-05,0.08
1131,,,2.402e-05,13000.0,,,2.402e-05,0.08
1132,,,2.404e-05,13000.0,,,2.404e-05,0.04
1133,,,2.406e-05,13000.0,,,2.406e-05,0.02
1134,,,2.408e-05,13000.0,,,2.408e-05,0.08
1135,,,2.41e-05,13000.0,,,2.41e-05,0.08
1136,,,2.412e-05,12800.0,,,2.412e-05,0.08
1137,,,2.414e-05,13000.0,,,2.414e-05,0.06
1138,,,2.416e-05,13000.0,,,2.416e-05,0.06
1139,,,2.4180000000000002e-05,13000.0,,,2.4180000000000002e-05,0.1
1140,,,2.4200000000000002e-05,13000.0,,,2.4200000000000002e-05,0.1
1141,,,2.4220000000000002e-05,12800.0,,,2.4220000000000002e-05,0.08
1142,,,2.4240000000000002e-05,13000.0,,,2.4240000000000002e-05,0.04
1143,,,2.426e-05,13200.0,,,2.426e-05,0.06
1144,,,2.428e-05,13200.0,,,2.428e-05,0.06
1145,,,2.43e-05,13200.0,,,2.43e-05,0.08
1146,,,2.432e-05,12800.0,,,2.432e-05,0.06
1147,,,2.434e-05,13200.0,,,2.434e-05,0.04
1148,,,2.436e-05,13200.0,,,2.436e-05,0.08
1149,,,2.438e-05,13000.0,,,2.438e-05,0.1
1150,,,2.44e-05,13200.0,,,2.44e-05,0.1
1151,,,2.442e-05,13000.0,,,2.442e-05,0.04
1152,,,2.444e-05,13000.0,,,2.444e-05,0.04
1153,,,2.446e-05,13000.0,,,2.446e-05,0.06
1154,,,2.448e-05,13000.0,,,2.448e-05,0.08
1155,,,2.45e-05,13000.0,,,2.45e-05,0.08
1156,,,2.452e-05,13000.0,,,2.452e-05,0.06
1157,,,2.4540000000000002e-05,13000.0,,,2.4540000000000002e-05,0.04
1158,,,2.4560000000000002e-05,13200.0,,,2.4560000000000002e-05,0.06
1159,,,2.4580000000000002e-05,13200.0,,,2.4580000000000002e-05,0.08
1160,,,2.46e-05,13000.0,,,2.46e-05,0.08
1161,,,2.462e-05,13000.0,,,2.462e-05,0.06
1162,,,2.464e-05,13000.0,,,2.464e-05,0.06
1163,,,2.466e-05,13200.0,,,2.466e-05,0.06
1164,,,2.468e-05,13200.0,,,2.468e-05,0.1
1165,,,2.47e-05,12800.0,,,2.47e-05,0.08
1166,,,2.472e-05,13200.0,,,2.472e-05,0.06
1167,,,2.474e-05,13000.0,,,2.474e-05,0.06
1168,,,2.476e-05,13000.0,,,2.476e-05,0.04
1169,,,2.478e-05,13200.0,,,2.478e-05,0.08
1170,,,2.48e-05,13000.0,,,2.48e-05,0.02
1171,,,2.482e-05,13000.0,,,2.482e-05,0.06
1172,,,2.484e-05,13200.0,,,2.484e-05,0.08
1173,,,2.486e-05,13000.0,,,2.486e-05,0.06
1174,,,2.488e-05,13200.0,,,2.488e-05,0.06
1175,,,2.4900000000000002e-05,13200.0,,,2.4900000000000002e-05,0.08
1176,,,2.4920000000000002e-05,13200.0,,,2.4920000000000002e-05,0.04
1177,,,2.4940000000000002e-05,13000.0,,,2.4940000000000002e-05,0.06
1178,,,2.496e-05,13200.0,,,2.496e-05,0.04
1179,,,2.498e-05,13000.0,,,2.498e-05,0.08
1180,,,2.5e-05,13200.0,,,2.5e-05,0.06
1181,,,2.502e-05,13000.0,,,2.502e-05,0.06
1182,,,2.504e-05,13200.0,,,2.504e-05,0.08
1183,,,2.506e-05,13200.0,,,2.506e-05,0.08
1184,,,2.508e-05,13000.0,,,2.508e-05,0.06
1185,,,2.51e-05,13400.0,,,2.51e-05,0.06
1186,,,2.512e-05,13200.0,,,2.512e-05,0.08
1187,,,2.514e-05,13200.0,,,2.514e-05,0.04
1188,,,2.516e-05,13400.0,,,2.516e-05,0.06
1189,,,2.518e-05,13200.0,,,2.518e-05,0.04
1190,,,2.52e-05,13200.0,,,2.52e-05,0.08
1191,,,2.522e-05,13400.0,,,2.522e-05,0.06
1192,,,2.5240000000000002e-05,13200.0,,,2.5240000000000002e-05,0.04
1193,,,2.5260000000000002e-05,13200.0,,,2.5260000000000002e-05,0.06
1194,,,2.5280000000000002e-05,13200.0,,,2.5280000000000002e-05,0.1
1195,,,2.5300000000000002e-05,13200.0,,,2.5300000000000002e-05,0.12
1196,,,2.532e-05,13200.0,,,2.532e-05,0.18
1197,,,2.534e-05,13400.0,,,2.534e-05,0.2
1198,,,2.536e-05,13200.0,,,2.536e-05,0.22
1199,,,2.538e-05,13200.0,,,2.538e-05,0.38
1200,,,2.54e-05,13200.0,,,2.54e-05,0.22
1201,,,2.542e-05,13200.0,,,2.542e-05,0.14
1202,,,2.544e-05,13400.0,,,2.544e-05,0.1
1203,,,2.546e-05,13200.0,,,2.546e-05,0.08
1204,,,2.548e-05,13200.0,,,2.548e-05,0.06
1205,,,2.55e-05,13400.0,,,2.55e-05,0.06
1206,,,2.552e-05,13200.0,,,2.552e-05,0.08
1207,,,2.554e-05,13400.0,,,2.554e-05,0.06
1208,,,2.556e-05,13400.0,,,2.556e-05,0.06
1209,,,2.558e-05,13400.0,,,2.558e-05,0.08
1210,,,2.5600000000000002e-05,13200.0,,,2.5600000000000002e-05,0.08
1211,,,2.5620000000000002e-05,13200.0,,,2.5620000000000002e-05,0.1
1212,,,2.5640000000000002e-05,13200.0,,,2.5640000000000002e-05,0.06
1213,,,2.566e-05,13400.0,,,2.566e-05,0.04
1214,,,2.568e-05,13200.0,,,2.568e-05,0.06
1215,,,2.57e-05,13400.0,,,2.57e-05,0.08
1216,,,2.572e-05,13600.0,,,2.572e-05,0.08
1217,,,2.574e-05,13200.0,,,2.574e-05,0.06
1218,,,2.576e-05,13200.0,,,2.576e-05,0.06
1219,,,2.578e-05,13400.0,,,2.578e-05,0.08
1220,,,2.58e-05,13400.0,,,2.58e-05,0.08
1221,,,2.582e-05,13400.0,,,2.582e-05,0.06
1222,,,2.584e-05,13400.0,,,2.584e-05,0.08
1223,,,2.586e-05,13200.0,,,2.586e-05,0.08
1224,,,2.588e-05,13400.0,,,2.588e-05,0.06
1225,,,2.59e-05,13400.0,,,2.59e-05,0.06
1226,,,2.592e-05,13400.0,,,2.592e-05,0.08
1227,,,2.594e-05,13400.0,,,2.594e-05,0.06
1228,,,2.5960000000000002e-05,13400.0,,,2.5960000000000002e-05,0.06
1229,,,2.5980000000000002e-05,13600.0,,,2.5980000000000002e-05,0.08
1230,,,2.6000000000000002e-05,13200.0,,,2.6000000000000002e-05,0.08
1231,,,2.602e-05,13200.0,,,2.602e-05,0.12
1232,,,2.604e-05,13400.0,,,2.604e-05,0.0
1233,,,2.606e-05,13200.0,,,2.606e-05,0.04
1234,,,2.608e-05,13200.0,,,2.608e-05,0.08
1235,,,2.61e-05,13200.0,,,2.61e-05,0.06
1236,,,2.612e-05,13400.0,,,2.612e-05,0.06
1237,,,2.614e-05,13400.0,,,2.614e-05,0.04
1238,,,2.616e-05,13400.0,,,2.616e-05,0.1
1239,,,2.618e-05,13400.0,,,2.618e-05,0.04
1240,,,2.62e-05,13200.0,,,2.62e-05,0.08
1241,,,2.622e-05,13200.0,,,2.622e-05,0.02
1242,,,2.624e-05,13400.0,,,2.624e-05,0.04
1243,,,2.626e-05,13400.0,,,2.626e-05,0.06
1244,,,2.628e-05,13600.0,,,2.628e-05,0.06
1245,,,2.6300000000000002e-05,13400.0,,,2.6300000000000002e-05,0.12
1246,,,2.6320000000000002e-05,13400.0,,,2.6320000000000002e-05,0.16
1247,,,2.6340000000000002e-05,13400.0,,,2.6340000000000002e-05,0.06
1248,,,2.6360000000000002e-05,13400.0,,,2.6360000000000002e-05,0.16
1249,,,2.638e-05,13400.0,,,2.638e-05,0.18
1250,,,2.64e-05,13400.0,,,2.64e-05,0.14
1251,,,2.642e-05,13400.0,,,2.642e-05,0.16
1252,,,2.644e-05,13200.0,,,2.644e-05,0.16
1253,,,2.646e-05,13600.0,,,2.646e-05,0.26
1254,,,2.648e-05,13400.0,,,2.648e-05,0.16
1255,,,2.65e-05,13400.0,,,2.65e-05,0.34
1256,,,2.652e-05,13200.0,,,2.652e-05,0.5
1257,,,2.654e-05,13400.0,,,2.654e-05,0.5
1258,,,2.656e-05,13600.0,,,2.656e-05,0.38
1259,,,2.658e-05,13200.0,,,2.658e-05,0.46
1260,,,2.66e-05,13200.0,,,2.66e-05,0.24
1261,,,2.662e-05,13400.0,,,2.662e-05,0.24
1262,,,2.664e-05,13400.0,,,2.664e-05,0.12
1263,,,2.6660000000000002e-05,13600.0,,,2.6660000000000002e-05,0.1
1264,,,2.6680000000000002e-05,13400.0,,,2.6680000000000002e-05,0.06
1265,,,2.6700000000000002e-05,13400.0,,,2.6700000000000002e-05,0.06
1266,,,2.672e-05,13400.0,,,2.672e-05,0.06
1267,,,2.674e-05,13400.0,,,2.674e-05,0.02
1268,,,2.676e-05,13400.0,,,2.676e-05,0.04
1269,,,2.678e-05,13200.0,,,2.678e-05,0.02
1270,,,2.68e-05,13400.0,,,2.68e-05,0.06
1271,,,2.682e-05,13400.0,,,2.682e-05,0.08
1272,,,2.684e-05,13400.0,,,2.684e-05,0.06
1273,,,2.686e-05,13400.0,,,2.686e-05,0.06
1274,,,2.688e-05,13400.0,,,2.688e-05,0.04
1275,,,2.69e-05,13600.0,,,2.69e-05,0.06
1276,,,2.692e-05,13200.0,,,2.692e-05,0.06
1277,,,2.694e-05,13400.0,,,2.694e-05,0.06
1278,,,2.696e-05,13200.0,,,2.696e-05,0.04
1279,,,2.698e-05,13600.0,,,2.698e-05,0.06
1280,,,2.7e-05,13200.0,,,2.7e-05,0.04
1281,,,2.7020000000000002e-05,13600.0,,,2.7020000000000002e-05,0.06
1282,,,2.7040000000000002e-05,13400.0,,,2.7040000000000002e-05,0.08
1283,,,2.7060000000000002e-05,13200.0,,,2.7060000000000002e-05,0.06
1284,,,2.708e-05,13600.0,,,2.708e-05,0.02
1285,,,2.71e-05,13600.0,,,2.71e-05,0.1
1286,,,2.712e-05,13400.0,,,2.712e-05,0.06
1287,,,2.714e-05,13400.0,,,2.714e-05,0.06
1288,,,2.716e-05,13200.0,,,2.716e-05,0.04
1289,,,2.718e-05,13600.0,,,2.718e-05,0.04
1290,,,2.72e-05,13600.0,,,2.72e-05,0.08
1291,,,2.722e-05,13600.0,,,2.722e-05,0.06
1292,,,2.724e-05,13400.0,,,2.724e-05,0.08
1293,,,2.726e-05,13600.0,,,2.726e-05,0.0
1294,,,2.728e-05,13600.0,,,2.728e-05,0.08
1295,,,2.73e-05,13600.0,,,2.73e-05,0.02
1296,,,2.732e-05,13400.0,,,2.732e-05,0.08
1297,,,2.734e-05,13600.0,,,2.734e-05,0.02
1298,,,2.7360000000000002e-05,13600.0,,,2.7360000000000002e-05,0.04
1299,,,2.7380000000000002e-05,13200.0,,,2.7380000000000002e-05,0.06
1300,,,2.7400000000000002e-05,13600.0,,,2.7400000000000002e-05,0.04
1301,,,2.7420000000000002e-05,13600.0,,,2.7420000000000002e-05,0.04
1302,,,2.744e-05,13400.0,,,2.744e-05,0.04
1303,,,2.746e-05,13600.0,,,2.746e-05,0.0
1304,,,2.748e-05,13600.0,,,2.748e-05,0.08
1305,,,2.75e-05,13600.0,,,2.75e-05,0.04
1306,,,2.752e-05,13600.0,,,2.752e-05,0.06
1307,,,2.754e-05,13600.0,,,2.754e-05,0.04
1308,,,2.756e-05,13600.0,,,2.756e-05,0.04
1309,,,2.758e-05,13800.0,,,2.758e-05,0.02
1310,,,2.76e-05,13600.0,,,2.76e-05,0.06
1311,,,2.762e-05,13400.0,,,2.762e-05,0.1
1312,,,2.764e-05,13600.0,,,2.764e-05,0.04
1313,,,2.766e-05,13600.0,,,2.766e-05,0.06
1314,,,2.768e-05,13600.0,,,2.768e-05,0.04
1315,,,2.77e-05,13800.0,,,2.77e-05,0.06
1316,,,2.7720000000000002e-05,13400.0,,,2.7720000000000002e-05,0.06
1317,,,2.7740000000000002e-05,13600.0,,,2.7740000000000002e-05,0.04
1318,,,2.7760000000000002e-05,13800.0,,,2.7760000000000002e-05,0.04
1319,,,2.778e-05,13800.0,,,2.778e-05,0.08
1320,,,2.78e-05,13600.0,,,2.78e-05,0.06
1321,,,2.782e-05,13400.0,,,2.782e-05,0.04
1322,,,2.784e-05,13600.0,,,2.784e-05,0.08
1323,,,2.786e-05,13400.0,,,2.786e-05,0.04
1324,,,2.788e-05,13800.0,,,2.788e-05,0.04
1325,,,2.79e-05,13600.0,,,2.79e-05,0.06
1326,,,2.792e-05,13600.0,,,2.792e-05,0.04
1327,,,2.794e-05,13400.0,,,2.794e-05,0.06
1328,,,2.796e-05,13800.0,,,2.796e-05,0.04
1329,,,2.798e-05,13800.0,,,2.798e-05,0.06
1330,,,2.8e-05,13600.0,,,2.8e-05,0.02
1331,,,2.802e-05,13600.0,,,2.802e-05,0.0
1332,,,2.804e-05,13800.0,,,2.804e-05,0.06
1333,,,2.8060000000000002e-05,13600.0,,,2.8060000000000002e-05,0.06
1334,,,2.8080000000000002e-05,13600.0,,,2.8080000000000002e-05,0.04
1335,,,2.8100000000000002e-05,13600.0,,,2.8100000000000002e-05,0.04
1336,,,2.8120000000000002e-05,13800.0,,,2.8120000000000002e-05,0.04
1337,,,2.814e-05,13600.0,,,2.814e-05,0.06
1338,,,2.816e-05,13600.0,,,2.816e-05,0.06
1339,,,2.818e-05,13400.0,,,2.818e-05,0.04
1340,,,2.82e-05,13800.0,,,2.82e-05,0.04
1341,,,2.822e-05,13600.0,,,2.822e-05,0.04
1342,,,2.824e-05,13600.0,,,2.824e-05,0.08
1343,,,2.826e-05,13600.0,,,2.826e-05,0.06
1344,,,2.828e-05,13600.0,,,2.828e-05,0.06
1345,,,2.83e-05,13600.0,,,2.83e-05,0.02
1346,,,2.832e-05,13600.0,,,2.832e-05,0.06
1347,,,2.834e-05,13600.0,,,2.834e-05,0.06
1348,,,2.836e-05,13800.0,,,2.836e-05,0.06
1349,,,2.838e-05,13600.0,,,2.838e-05,0.0
1350,,,2.84e-05,13600.0,,,2.84e-05,0.02
1351,,,2.8420000000000002e-05,13600.0,,,2.8420000000000002e-05,0.06
1352,,,2.8440000000000002e-05,13800.0,,,2.8440000000000002e-05,0.04
1353,,,2.8460000000000002e-05,13800.0,,,2.8460000000000002e-05,0.08
1354,,,2.8480000000000002e-05,13800.0,,,2.8480000000000002e-05,0.04
1355,,,2.85e-05,13600.0,,,2.85e-05,0.0
1356,,,2.852e-05,13800.0,,,2.852e-05,0.06
1357,,,2.854e-05,13800.0,,,2.854e-05,0.06
1358,,,2.856e-05,13600.0,,,2.856e-05,0.06
1359,,,2.858e-05,13600.0,,,2.858e-05,0.04
1360,,,2.86e-05,13600.0,,,2.86e-05,0.04
1361,,,2.862e-05,13800.0,,,2.862e-05,0.04
1362,,,2.864e-05,14000.0,,,2.864e-05,0.06
1363,,,2.866e-05,13600.0,,,2.866e-05,0.06
1364,,,2.868e-05,13600.0,,,2.868e-05,0.02
1365,,,2.87e-05,13800.0,,,2.87e-05,0.04
1366,,,2.872e-05,13800.0,,,2.872e-05,0.04
1367,,,2.874e-05,14000.0,,,2.874e-05,0.06
1368,,,2.876e-05,13600.0,,,2.876e-05,0.04
1369,,,2.8780000000000002e-05,13600.0,,,2.8780000000000002e-05,0.04
1370,,,2.8800000000000002e-05,13600.0,,,2.8800000000000002e-05,0.06
1371,,,2.8820000000000002e-05,13600.0,,,2.8820000000000002e-05,0.06
1372,,,2.8840000000000002e-05,13800.0,,,2.8840000000000002e-05,0.04
1373,,,2.886e-05,13600.0,,,2.886e-05,0.04
1374,,,2.888e-05,13600.0,,,2.888e-05,0.04
1375,,,2.89e-05,13800.0,,,2.89e-05,0.04
1376,,,2.892e-05,14000.0,,,2.892e-05,0.06
1377,,,2.894e-05,13600.0,,,2.894e-05,0.06
1378,,,2.896e-05,13800.0,,,2.896e-05,0.04
1379,,,2.898e-05,13600.0,,,2.898e-05,0.06
1380,,,2.9e-05,14000.0,,,2.9e-05,0.06
1381,,,2.902e-05,13800.0,,,2.902e-05,0.04
1382,,,2.904e-05,13800.0,,,2.904e-05,0.06
1383,,,2.906e-05,14000.0,,,2.906e-05,0.0
1384,,,2.908e-05,13800.0,,,2.908e-05,0.06
1385,,,2.91e-05,13800.0,,,2.91e-05,0.06
1386,,,2.9120000000000002e-05,13800.0,,,2.9120000000000002e-05,0.06
1387,,,2.9140000000000002e-05,13800.0,,,2.9140000000000002e-05,0.02
1388,,,2.9160000000000002e-05,13600.0,,,2.9160000000000002e-05,0.04
1389,,,2.9180000000000002e-05,14000.0,,,2.9180000000000002e-05,0.04
1390,,,2.92e-05,13800.0,,,2.92e-05,0.06
1391,,,2.922e-05,13800.0,,,2.922e-05,0.04
1392,,,2.924e-05,13800.0,,,2.924e-05,0.0
1393,,,2.926e-05,14000.0,,,2.926e-05,0.06
1394,,,2.928e-05,13800.0,,,2.928e-05,0.06
1395,,,2.93e-05,13800.0,,,2.93e-05,0.08
1396,,,2.932e-05,13800.0,,,2.932e-05,0.04
1397,,,2.934e-05,13600.0,,,2.934e-05,0.04
1398,,,2.936e-05,13800.0,,,2.936e-05,0.04
1399,,,2.938e-05,13800.0,,,2.938e-05,0.04
1400,,,2.94e-05,13800.0,,,2.94e-05,0.04
1401,,,2.942e-05,13800.0,,,2.942e-05,0.06
1402,,,2.944e-05,13600.0,,,2.944e-05,0.0
1403,,,2.946e-05,13600.0,,,2.946e-05,0.02
1404,,,2.9480000000000002e-05,13800.0,,,2.9480000000000002e-05,0.06
1405,,,2.9500000000000002e-05,13800.0,,,2.9500000000000002e-05,0.06
1406,,,2.9520000000000002e-05,14000.0,,,2.9520000000000002e-05,0.04
1407,,,2.9540000000000002e-05,14000.0,,,2.9540000000000002e-05,0.06
1408,,,2.956e-05,13800.0,,,2.956e-05,0.04
1409,,,2.958e-05,14000.0,,,2.958e-05,0.02
1410,,,2.96e-05,14000.0,,,2.96e-05,0.06
1411,,,2.962e-05,13800.0,,,2.962e-05,0.04
1412,,,2.964e-05,13800.0,,,2.964e-05,0.04
1413,,,2.966e-05,13800.0,,,2.966e-05,0.06
1414,,,2.968e-05,14000.0,,,2.968e-05,0.04
1415,,,2.97e-05,13600.0,,,2.97e-05,0.04
1416,,,2.972e-05,13800.0,,,2.972e-05,0.02
1417,,,2.974e-05,14000.0,,,2.974e-05,0.04
1418,,,2.976e-05,14000.0,,,2.976e-05,0.06
1419,,,2.978e-05,14000.0,,,2.978e-05,0.06
1420,,,2.98e-05,14000.0,,,2.98e-05,0.04
1421,,,2.982e-05,14000.0,,,2.982e-05,0.04
1422,,,2.9840000000000002e-05,13800.0,,,2.9840000000000002e-05,0.04
1423,,,2.9860000000000002e-05,14000.0,,,2.9860000000000002e-05,0.06
1424,,,2.9880000000000002e-05,13800.0,,,2.9880000000000002e-05,0.06
1425,,,2.9900000000000002e-05,14000.0,,,2.9900000000000002e-05,0.04
1426,,,2.992e-05,13800.0,,,2.992e-05,0.04
1427,,,2.994e-05,14000.0,,,2.994e-05,0.04
1428,,,2.996e-05,14200.0,,,2.996e-05,0.04
1429,,,2.998e-05,13800.0,,,2.998e-05,0.04
1430,,,3e-05,14000.0,,,3e-05,0.0
1431,,,3.002e-05,14000.0,,,3.002e-05,0.04
1432,,,3.004e-05,14000.0,,,3.004e-05,0.04
1433,,,3.006e-05,14000.0,,,3.006e-05,0.04
1434,,,3.008e-05,13800.0,,,3.008e-05,0.04
1435,,,3.01e-05,13800.0,,,3.01e-05,0.02
1436,,,3.012e-05,13800.0,,,3.012e-05,0.06
1437,,,3.014e-05,13800.0,,,3.014e-05,0.04
1438,,,3.016e-05,13800.0,,,3.016e-05,0.02
1439,,,3.0180000000000002e-05,13800.0,,,3.0180000000000002e-05,0.02
1440,,,3.0200000000000002e-05,14000.0,,,3.0200000000000002e-05,0.02
1441,,,3.0220000000000002e-05,13800.0,,,3.0220000000000002e-05,0.04
1442,,,3.0240000000000002e-05,14000.0,,,3.0240000000000002e-05,0.04
1443,,,3.026e-05,14000.0,,,3.026e-05,0.06
1444,,,3.028e-05,13800.0,,,3.028e-05,-0.02
1445,,,3.03e-05,14000.0,,,3.03e-05,0.02
1446,,,3.032e-05,14200.0,,,3.032e-05,0.06
1447,,,3.034e-05,14200.0,,,3.034e-05,0.04
1448,,,3.036e-05,14000.0,,,3.036e-05,0.02
1449,,,3.038e-05,13800.0,,,3.038e-05,0.02
1450,,,3.04e-05,13800.0,,,3.04e-05,0.06
1451,,,3.042e-05,14000.0,,,3.042e-05,0.1
1452,,,3.044e-05,14000.0,,,3.044e-05,0.16
1453,,,3.046e-05,14000.0,,,3.046e-05,0.22
1454,,,3.048e-05,14000.0,,,3.048e-05,0.18
1455,,,3.05e-05,14000.0,,,3.05e-05,0.2
1456,,,3.052e-05,14000.0,,,3.052e-05,0.36
1457,,,3.054e-05,13800.0,,,3.054e-05,0.28
1458,,,3.056e-05,13800.0,,,3.056e-05,0.2
1459,,,3.058e-05,14000.0,,,3.058e-05,0.16
1460,,,3.06e-05,14000.0,,,3.06e-05,0.08
1461,,,3.062e-05,14000.0,,,3.062e-05,0.08
1462,,,3.064e-05,13800.0,,,3.064e-05,0.04
1463,,,3.066e-05,14000.0,,,3.066e-05,0.02
1464,,,3.068e-05,14000.0,,,3.068e-05,0.04
1465,,,3.07e-05,14000.0,,,3.07e-05,0.02
1466,,,3.072e-05,14000.0,,,3.072e-05,0.04
1467,,,3.074e-05,13800.0,,,3.074e-05,0.04
1468,,,3.076e-05,13800.0,,,3.076e-05,0.04
1469,,,3.078e-05,13800.0,,,3.078e-05,0.04
1470,,,3.0799999999999996e-05,14000.0,,,3.0799999999999996e-05,0.02
1471,,,3.082e-05,14000.0,,,3.082e-05,0.06
1472,,,3.0839999999999996e-05,14200.0,,,3.0839999999999996e-05,0.02
1473,,,3.086e-05,14000.0,,,3.086e-05,0.04
1474,,,3.0879999999999996e-05,14200.0,,,3.0879999999999996e-05,0.04
1475,,,3.09e-05,14000.0,,,3.09e-05,0.04
1476,,,3.092e-05,14000.0,,,3.092e-05,0.02
1477,,,3.094e-05,14200.0,,,3.094e-05,0.02
1478,,,3.096e-05,14000.0,,,3.096e-05,0.04
1479,,,3.098e-05,13800.0,,,3.098e-05,0.24
1480,,,3.1e-05,14000.0,,,3.1e-05,0.16
1481,,,3.102e-05,13600.0,,,3.102e-05,0.32
1482,,,3.104e-05,14200.0,,,3.104e-05,0.44
1483,,,3.106e-05,13800.0,,,3.106e-05,0.36
1484,,,3.108e-05,13800.0,,,3.108e-05,0.24
1485,,,3.11e-05,13800.0,,,3.11e-05,0.14
1486,,,3.112e-05,14000.0,,,3.112e-05,0.08
1487,,,3.114e-05,14000.0,,,3.114e-05,0.06
1488,,,3.116e-05,14000.0,,,3.116e-05,0.06
1489,,,3.1179999999999996e-05,14000.0,,,3.1179999999999996e-05,0.06
1490,,,3.12e-05,14000.0,,,3.12e-05,0.08
1491,,,3.1219999999999996e-05,14200.0,,,3.1219999999999996e-05,0.16
1492,,,3.124e-05,14000.0,,,3.124e-05,0.5
1493,,,3.126e-05,13800.0,,,3.126e-05,0.7000000000000001
1494,,,3.128e-05,14000.0,,,3.128e-05,0.28
1495,,,3.13e-05,14000.0,,,3.13e-05,0.18
1496,,,3.132e-05,13800.0,,,3.132e-05,0.16
1497,,,3.134e-05,14000.0,,,3.134e-05,0.06
1498,,,3.136e-05,14200.0,,,3.136e-05,0.1
1499,,,3.138e-05,14000.0,,,3.138e-05,0.06
1500,,,3.14e-05,14000.0,,,3.14e-05,0.04
1501,,,3.142e-05,14000.0,,,3.142e-05,0.02
1502,,,3.144e-05,14000.0,,,3.144e-05,0.06
1503,,,3.146e-05,14000.0,,,3.146e-05,0.04
1504,,,3.148e-05,14000.0,,,3.148e-05,0.02
1505,,,3.15e-05,13800.0,,,3.15e-05,0.06
1506,,,3.1519999999999996e-05,14000.0,,,3.1519999999999996e-05,0.02
1507,,,3.154e-05,13800.0,,,3.154e-05,0.04
1508,,,3.1559999999999996e-05,14000.0,,,3.1559999999999996e-05,0.06
1509,,,3.158e-05,14000.0,,,3.158e-05,0.04
1510,,,3.16e-05,14000.0,,,3.16e-05,0.02
1511,,,3.162e-05,14000.0,,,3.162e-05,0.02
1512,,,3.164e-05,14000.0,,,3.164e-05,0.06
1513,,,3.166e-05,14000.0,,,3.166e-05,0.02
1514,,,3.168e-05,13800.0,,,3.168e-05,0.02
1515,,,3.17e-05,14200.0,,,3.17e-05,0.04
1516,,,3.172e-05,14200.0,,,3.172e-05,0.02
1517,,,3.174e-05,14400.0,,,3.174e-05,0.04
1518,,,3.176e-05,14000.0,,,3.176e-05,0.04
1519,,,3.178e-05,14000.0,,,3.178e-05,0.02
1520,,,3.18e-05,14000.0,,,3.18e-05,0.04
1521,,,3.182e-05,14000.0,,,3.182e-05,0.02
1522,,,3.184e-05,14200.0,,,3.184e-05,0.04
1523,,,3.1859999999999997e-05,14000.0,,,3.1859999999999997e-05,0.02
1524,,,3.188e-05,14000.0,,,3.188e-05,0.04
1525,,,3.1899999999999996e-05,14000.0,,,3.1899999999999996e-05,0.04
1526,,,3.192e-05,14200.0,,,3.192e-05,0.06
1527,,,3.194e-05,14000.0,,,3.194e-05,0.04
1528,,,3.196e-05,14200.0,,,3.196e-05,0.02
1529,,,3.198e-05,14000.0,,,3.198e-05,0.0
1530,,,3.2e-05,14000.0,,,3.2e-05,0.02
1531,,,3.202e-05,14200.0,,,3.202e-05,0.04
1532,,,3.204e-05,14000.0,,,3.204e-05,0.02
1533,,,3.206e-05,14000.0,,,3.206e-05,0.0
1534,,,3.208e-05,14000.0,,,3.208e-05,0.04
1535,,,3.21e-05,13800.0,,,3.21e-05,0.02
1536,,,3.2120000000000004e-05,14000.0,,,3.2120000000000004e-05,0.02
1537,,,3.214e-05,14200.0,,,3.214e-05,0.02
1538,,,3.2160000000000004e-05,14000.0,,,3.2160000000000004e-05,0.02
1539,,,3.218e-05,14000.0,,,3.218e-05,0.0
1540,,,3.2200000000000003e-05,13800.0,,,3.2200000000000003e-05,0.02
1541,,,3.222e-05,14000.0,,,3.222e-05,0.04
1542,,,3.224e-05,14000.0,,,3.224e-05,0.04
1543,,,3.226e-05,14000.0,,,3.226e-05,0.0
1544,,,3.228e-05,14200.0,,,3.228e-05,0.02
1545,,,3.23e-05,14200.0,,,3.23e-05,0.04
1546,,,3.232e-05,14200.0,,,3.232e-05,0.04
1547,,,3.234e-05,14000.0,,,3.234e-05,0.02
1548,,,3.236e-05,14000.0,,,3.236e-05,-0.02
1549,,,3.238e-05,14000.0,,,3.238e-05,0.04
1550,,,3.24e-05,14000.0,,,3.24e-05,0.02
1551,,,3.242e-05,14200.0,,,3.242e-05,0.02
1552,,,3.244e-05,14200.0,,,3.244e-05,0.02
1553,,,3.246e-05,14000.0,,,3.246e-05,0.0
1554,,,3.248e-05,14200.0,,,3.248e-05,0.02
1555,,,3.2500000000000004e-05,14200.0,,,3.2500000000000004e-05,0.02
1556,,,3.252e-05,14000.0,,,3.252e-05,0.02
1557,,,3.2540000000000004e-05,13800.0,,,3.2540000000000004e-05,0.0
1558,,,3.256e-05,14000.0,,,3.256e-05,0.04
1559,,,3.258e-05,14200.0,,,3.258e-05,0.02
1560,,,3.26e-05,14200.0,,,3.26e-05,0.02
1561,,,3.262e-05,14000.0,,,3.262e-05,0.0
1562,,,3.264e-05,14000.0,,,3.264e-05,0.0
1563,,,3.266e-05,14000.0,,,3.266e-05,0.02
1564,,,3.268e-05,14000.0,,,3.268e-05,0.02
1565,,,3.27e-05,14200.0,,,3.27e-05,0.04
1566,,,3.272e-05,14000.0,,,3.272e-05,0.02
1567,,,3.274e-05,14200.0,,,3.274e-05,0.02
1568,,,3.276e-05,14200.0,,,3.276e-05,0.02
1569,,,3.278e-05,14000.0,,,3.278e-05,0.02
1570,,,3.28e-05,14200.0,,,3.28e-05,0.04
1571,,,3.282e-05,14000.0,,,3.282e-05,0.0
1572,,,3.2840000000000004e-05,14200.0,,,3.2840000000000004e-05,0.02
1573,,,3.286e-05,14200.0,,,3.286e-05,0.02
1574,,,3.2880000000000004e-05,14200.0,,,3.2880000000000004e-05,0.02
1575,,,3.29e-05,14000.0,,,3.29e-05,0.0
1576,,,3.292e-05,14200.0,,,3.292e-05,0.02
1577,,,3.294e-05,14000.0,,,3.294e-05,0.04
1578,,,3.296e-05,14000.0,,,3.296e-05,0.02
1579,,,3.298e-05,14200.0,,,3.298e-05,0.04
1580,,,3.3e-05,14000.0,,,3.3e-05,0.02
1581,,,3.302e-05,14200.0,,,3.302e-05,-0.02
1582,,,3.304e-05,14000.0,,,3.304e-05,0.04
1583,,,3.306e-05,14200.0,,,3.306e-05,0.02
1584,,,3.308e-05,14000.0,,,3.308e-05,0.0
1585,,,3.31e-05,14200.0,,,3.31e-05,0.0
1586,,,3.312e-05,14200.0,,,3.312e-05,0.02
1587,,,3.314e-05,14000.0,,,3.314e-05,0.04
1588,,,3.316e-05,14000.0,,,3.316e-05,0.02
1589,,,3.3180000000000004e-05,14200.0,,,3.3180000000000004e-05,0.02
1590,,,3.32e-05,14200.0,,,3.32e-05,-0.02
1591,,,3.3220000000000004e-05,14000.0,,,3.3220000000000004e-05,0.02
1592,,,3.324e-05,14200.0,,,3.324e-05,0.02
1593,,,3.3260000000000003e-05,14200.0,,,3.3260000000000003e-05,0.04
1594,,,3.328e-05,14000.0,,,3.328e-05,0.02
1595,,,3.33e-05,14000.0,,,3.33e-05,-0.02
1596,,,3.332e-05,14000.0,,,3.332e-05,0.02
1597,,,3.334e-05,14000.0,,,3.334e-05,0.02
1598,,,3.336e-05,14000.0,,,3.336e-05,0.02
1599,,,3.338e-05,14000.0,,,3.338e-05,0.02
1600,,,3.34e-05,14400.0,,,3.34e-05,0.0
1601,,,3.342e-05,14200.0,,,3.342e-05,0.02
1602,,,3.344e-05,14200.0,,,3.344e-05,-0.02
1603,,,3.346e-05,14200.0,,,3.346e-05,0.0
1604,,,3.348e-05,14200.0,,,3.348e-05,0.0
1605,,,3.35e-05,14200.0,,,3.35e-05,0.0
1606,,,3.352e-05,14000.0,,,3.352e-05,0.04
1607,,,3.354e-05,14200.0,,,3.354e-05,0.04
1608,,,3.3560000000000004e-05,14000.0,,,3.3560000000000004e-05,0.02
1609,,,3.358e-05,14000.0,,,3.358e-05,-0.04
1610,,,3.3600000000000004e-05,14200.0,,,3.3600000000000004e-05,0.0
1611,,,3.362e-05,14200.0,,,3.362e-05,0.02
1612,,,3.364e-05,14400.0,,,3.364e-05,0.02
1613,,,3.366e-05,14000.0,,,3.366e-05,0.04
1614,,,3.368e-05,14000.0,,,3.368e-05,0.0
1615,,,3.37e-05,14200.0,,,3.37e-05,0.0
1616,,,3.372e-05,14000.0,,,3.372e-05,0.04
1617,,,3.374e-05,14400.0,,,3.374e-05,0.0
1618,,,3.376e-05,14200.0,,,3.376e-05,0.0
1619,,,3.378e-05,14200.0,,,3.378e-05,0.02
1620,,,3.38e-05,14000.0,,,3.38e-05,0.0
1621,,,3.382e-05,14200.0,,,3.382e-05,0.02
1622,,,3.384e-05,14000.0,,,3.384e-05,0.02
1623,,,3.386e-05,14200.0,,,3.386e-05,0.04
1624,,,3.388e-05,14000.0,,,3.388e-05,0.0
1625,,,3.3900000000000004e-05,14200.0,,,3.3900000000000004e-05,0.02
1626,,,3.392e-05,14000.0,,,3.392e-05,0.0
1627,,,3.3940000000000004e-05,14200.0,,,3.3940000000000004e-05,0.0
1628,,,3.396e-05,14200.0,,,3.396e-05,-0.02
1629,,,3.398e-05,14200.0,,,3.398e-05,0.02
1630,,,3.4e-05,14200.0,,,3.4e-05,0.0
1631,,,3.402e-05,14000.0,,,3.402e-05,0.02
1632,,,3.404e-05,14000.0,,,3.404e-05,0.02
1633,,,3.406e-05,14200.0,,,3.406e-05,0.02
1634,,,3.408e-05,14200.0,,,3.408e-05,0.02
1635,,,3.41e-05,14200.0,,,3.41e-05,0.0
1636,,,3.412e-05,14000.0,,,3.412e-05,0.0
1637,,,3.414e-05,14200.0,,,3.414e-05,-0.04
1638,,,3.416e-05,14200.0,,,3.416e-05,0.02
1639,,,3.418e-05,14200.0,,,3.418e-05,0.02
1640,,,3.42e-05,14200.0,,,3.42e-05,0.0
1641,,,3.422e-05,14000.0,,,3.422e-05,0.02
1642,,,3.4240000000000004e-05,14200.0,,,3.4240000000000004e-05,-0.02
1643,,,3.426e-05,14200.0,,,3.426e-05,0.0
1644,,,3.4280000000000004e-05,14200.0,,,3.4280000000000004e-05,0.0
1645,,,3.43e-05,14200.0,,,3.43e-05,0.0
1646,,,3.4320000000000003e-05,14200.0,,,3.4320000000000003e-05,0.0
1647,,,3.434e-05,14000.0,,,3.434e-05,-0.04
1648,,,3.436e-05,14000.0,,,3.436e-05,0.0
1649,,,3.438e-05,14000.0,,,3.438e-05,0.02
1650,,,3.44e-05,14400.0,,,3.44e-05,0.02
1651,,,3.442e-05,14200.0,,,3.442e-05,0.0
1652,,,3.444e-05,14200.0,,,3.444e-05,-0.02
1653,,,3.446e-05,14200.0,,,3.446e-05,0.02
1654,,,3.448e-05,14200.0,,,3.448e-05,0.0
1655,,,3.45e-05,13800.0,,,3.45e-05,0.0
1656,,,3.452e-05,14000.0,,,3.452e-05,0.0
1657,,,3.454e-05,14000.0,,,3.454e-05,0.04
1658,,,3.456e-05,14200.0,,,3.456e-05,0.0
1659,,,3.458e-05,14200.0,,,3.458e-05,0.0
1660,,,3.46e-05,14000.0,,,3.46e-05,0.0
1661,,,3.4620000000000004e-05,14200.0,,,3.4620000000000004e-05,0.0
1662,,,3.464e-05,14000.0,,,3.464e-05,0.0
1663,,,3.4660000000000004e-05,14200.0,,,3.4660000000000004e-05,-0.02
1664,,,3.468e-05,14200.0,,,3.468e-05,0.0
1665,,,3.47e-05,14000.0,,,3.47e-05,0.0
1666,,,3.472e-05,14200.0,,,3.472e-05,-0.02
1667,,,3.474e-05,14200.0,,,3.474e-05,0.0
1668,,,3.476e-05,14000.0,,,3.476e-05,-0.02
1669,,,3.478e-05,14000.0,,,3.478e-05,0.02
1670,,,3.48e-05,14000.0,,,3.48e-05,0.02
1671,,,3.482e-05,14000.0,,,3.482e-05,0.0
1672,,,3.484e-05,14200.0,,,3.484e-05,0.02
1673,,,3.486e-05,14200.0,,,3.486e-05,0.0
1674,,,3.488e-05,14000.0,,,3.488e-05,0.04
1675,,,3.49e-05,14200.0,,,3.49e-05,0.32
1676,,,3.492e-05,14000.0,,,3.492e-05,0.46
1677,,,3.494e-05,14200.0,,,3.494e-05,0.44
1678,,,3.4960000000000004e-05,14200.0,,,3.4960000000000004e-05,0.66
1679,,,3.498e-05,14000.0,,,3.498e-05,0.78
1680,,,3.5000000000000004e-05,14200.0,,,3.5000000000000004e-05,0.3
1681,,,3.502e-05,14200.0,,,3.502e-05,0.24
1682,,,3.504e-05,14000.0,,,3.504e-05,0.1
1683,,,3.506e-05,14000.0,,,3.506e-05,0.04
1684,,,3.508e-05,14000.0,,,3.508e-05,0.12
1685,,,3.51e-05,14200.0,,,3.51e-05,0.02
1686,,,3.512e-05,14200.0,,,3.512e-05,0.04
1687,,,3.514e-05,14200.0,,,3.514e-05,0.0
1688,,,3.516e-05,14000.0,,,3.516e-05,0.04
1689,,,3.518e-05,14200.0,,,3.518e-05,0.02
1690,,,3.52e-05,14200.0,,,3.52e-05,0.0
1691,,,3.522e-05,14000.0,,,3.522e-05,0.02
1692,,,3.524e-05,14200.0,,,3.524e-05,0.04
1693,,,3.526e-05,14200.0,,,3.526e-05,0.02
1694,,,3.528e-05,14000.0,,,3.528e-05,0.0
1695,,,3.5300000000000004e-05,14200.0,,,3.5300000000000004e-05,0.04
1696,,,3.532e-05,14200.0,,,3.532e-05,0.02
1697,,,3.5340000000000004e-05,14000.0,,,3.5340000000000004e-05,0.0
1698,,,3.536e-05,14200.0,,,3.536e-05,0.0
1699,,,3.5380000000000003e-05,14000.0,,,3.5380000000000003e-05,-0.04
1700,,,3.54e-05,14200.0,,,3.54e-05,0.02
1701,,,3.542e-05,14000.0,,,3.542e-05,0.0
1702,,,3.544e-05,14200.0,,,3.544e-05,0.02
1703,,,3.546e-05,14200.0,,,3.546e-05,0.02
1704,,,3.548e-05,14000.0,,,3.548e-05,0.02
1705,,,3.55e-05,14000.0,,,3.55e-05,0.02
1706,,,3.552e-05,14200.0,,,3.552e-05,0.02
1707,,,3.554e-05,14000.0,,,3.554e-05,0.02
1708,,,3.556e-05,14000.0,,,3.556e-05,0.0
1709,,,3.558e-05,14000.0,,,3.558e-05,0.02
1710,,,3.56e-05,14200.0,,,3.56e-05,0.02
1711,,,3.562e-05,14200.0,,,3.562e-05,0.02
1712,,,3.564e-05,14000.0,,,3.564e-05,0.02
1713,,,3.566e-05,14000.0,,,3.566e-05,0.0
1714,,,3.5680000000000004e-05,14000.0,,,3.5680000000000004e-05,0.0
1715,,,3.57e-05,14200.0,,,3.57e-05,0.0
1716,,,3.5720000000000004e-05,14200.0,,,3.5720000000000004e-05,0.0
1717,,,3.574e-05,14000.0,,,3.574e-05,0.0
1718,,,3.576e-05,14200.0,,,3.576e-05,0.0
1719,,,3.578e-05,14000.0,,,3.578e-05,0.0
1720,,,3.58e-05,14000.0,,,3.58e-05,0.04
1721,,,3.582e-05,14000.0,,,3.582e-05,0.04
1722,,,3.584e-05,14200.0,,,3.584e-05,0.02
1723,,,3.586e-05,14200.0,,,3.586e-05,0.0
1724,,,3.588e-05,14000.0,,,3.588e-05,0.02
1725,,,3.59e-05,14200.0,,,3.59e-05,0.02
1726,,,3.592e-05,14400.0,,,3.592e-05,0.02
1727,,,3.594e-05,14000.0,,,3.594e-05,-0.02
1728,,,3.596e-05,14000.0,,,3.596e-05,0.0
1729,,,3.598e-05,14000.0,,,3.598e-05,0.02
1730,,,3.6e-05,14200.0,,,3.6e-05,-0.02
1731,,,3.6020000000000004e-05,14000.0,,,3.6020000000000004e-05,-0.02
1732,,,3.604e-05,14200.0,,,3.604e-05,0.0
1733,,,3.6060000000000004e-05,14000.0,,,3.6060000000000004e-05,0.02
1734,,,3.608e-05,14200.0,,,3.608e-05,0.02
1735,,,3.61e-05,14000.0,,,3.61e-05,0.02
1736,,,3.612e-05,14200.0,,,3.612e-05,0.0
1737,,,3.614e-05,14200.0,,,3.614e-05,-0.02
1738,,,3.616e-05,14200.0,,,3.616e-05,-0.02
1739,,,3.618e-05,14200.0,,,3.618e-05,0.04
1740,,,3.62e-05,14200.0,,,3.62e-05,0.04
1741,,,3.622e-05,14200.0,,,3.622e-05,-0.02
1742,,,3.624e-05,14000.0,,,3.624e-05,0.02
1743,,,3.626e-05,14200.0,,,3.626e-05,0.02
1744,,,3.628e-05,14000.0,,,3.628e-05,0.02
1745,,,3.63e-05,14000.0,,,3.63e-05,-0.02
1746,,,3.632e-05,14000.0,,,3.632e-05,-0.02
1747,,,3.634e-05,14000.0,,,3.634e-05,0.04
1748,,,3.6360000000000004e-05,14200.0,,,3.6360000000000004e-05,0.0
1749,,,3.638e-05,14200.0,,,3.638e-05,0.0
1750,,,3.6400000000000004e-05,14200.0,,,3.6400000000000004e-05,0.0
1751,,,3.642e-05,14200.0,,,3.642e-05,-0.02
1752,,,3.6440000000000003e-05,14200.0,,,3.6440000000000003e-05,0.02
1753,,,3.646e-05,14200.0,,,3.646e-05,0.0
1754,,,3.648e-05,14000.0,,,3.648e-05,0.0
1755,,,3.65e-05,14200.0,,,3.65e-05,-0.02
1756,,,3.652e-05,14000.0,,,3.652e-05,0.0
1757,,,3.654e-05,14200.0,,,3.654e-05,0.0
1758,,,3.656e-05,14200.0,,,3.656e-05,0.0
1759,,,3.658e-05,14000.0,,,3.658e-05,0.02
1760,,,3.66e-05,14200.0,,,3.66e-05,-0.02
1761,,,3.662e-05,14000.0,,,3.662e-05,-0.02
1762,,,3.664e-05,14200.0,,,3.664e-05,-0.02
1763,,,3.666e-05,14000.0,,,3.666e-05,0.0
1764,,,3.668e-05,14000.0,,,3.668e-05,-0.02
1765,,,3.67e-05,14000.0,,,3.67e-05,-0.02
1766,,,3.672e-05,14200.0,,,3.672e-05,0.02
1767,,,3.6740000000000004e-05,14000.0,,,3.6740000000000004e-05,0.0
1768,,,3.676e-05,14000.0,,,3.676e-05,0.02
1769,,,3.6780000000000004e-05,14000.0,,,3.6780000000000004e-05,0.02
1770,,,3.68e-05,14000.0,,,3.68e-05,0.0
1771,,,3.682e-05,14200.0,,,3.682e-05,0.02
1772,,,3.684e-05,14000.0,,,3.684e-05,0.0
1773,,,3.686e-05,13800.0,,,3.686e-05,0.0
1774,,,3.688e-05,14000.0,,,3.688e-05,0.0
1775,,,3.69e-05,14200.0,,,3.69e-05,0.0
1776,,,3.692e-05,14200.0,,,3.692e-05,-0.02
1777,,,3.694e-05,14200.0,,,3.694e-05,0.0
1778,,,3.696e-05,14200.0,,,3.696e-05,0.02
1779,,,3.698e-05,14000.0,,,3.698e-05,-0.04
1780,,,3.7e-05,14200.0,,,3.7e-05,0.02
1781,,,3.702e-05,14000.0,,,3.702e-05,0.0
1782,,,3.704e-05,14000.0,,,3.704e-05,0.0
1783,,,3.706e-05,14000.0,,,3.706e-05,-0.02
1784,,,3.7080000000000004e-05,14200.0,,,3.7080000000000004e-05,0.0
1785,,,3.71e-05,14000.0,,,3.71e-05,0.0
1786,,,3.7120000000000004e-05,14200.0,,,3.7120000000000004e-05,0.0
1787,,,3.714e-05,14200.0,,,3.714e-05,0.02
1788,,,3.716e-05,14000.0,,,3.716e-05,-0.02
1789,,,3.718e-05,14200.0,,,3.718e-05,0.0
1790,,,3.72e-05,14000.0,,,3.72e-05,-0.02
1791,,,3.722e-05,14200.0,,,3.722e-05,0.0
1792,,,3.724e-05,14000.0,,,3.724e-05,-0.02
1793,,,3.726e-05,14200.0,,,3.726e-05,-0.02
1794,,,3.728e-05,14000.0,,,3.728e-05,0.0
1795,,,3.73e-05,14000.0,,,3.73e-05,-0.02
1796,,,3.732e-05,14000.0,,,3.732e-05,-0.02
1797,,,3.734e-05,14200.0,,,3.734e-05,0.0
1798,,,3.736e-05,14200.0,,,3.736e-05,-0.04
1799,,,3.738e-05,14000.0,,,3.738e-05,-0.02
1800,,,3.74e-05,14000.0,,,3.74e-05,-0.02
1801,,,3.7420000000000004e-05,14200.0,,,3.7420000000000004e-05,0.0
1802,,,3.744e-05,14000.0,,,3.744e-05,-0.02
1803,,,3.7460000000000004e-05,14200.0,,,3.7460000000000004e-05,0.0
1804,,,3.748e-05,13800.0,,,3.748e-05,0.02
1805,,,3.7500000000000003e-05,14000.0,,,3.7500000000000003e-05,0.0
1806,,,3.752e-05,14000.0,,,3.752e-05,-0.02
1807,,,3.754e-05,14000.0,,,3.754e-05,0.0
1808,,,3.756e-05,14000.0,,,3.756e-05,0.0
1809,,,3.758e-05,14000.0,,,3.758e-05,0.0
1810,,,3.76e-05,14000.0,,,3.76e-05,-0.02
1811,,,3.762e-05,14000.0,,,3.762e-05,0.0
1812,,,3.764e-05,14200.0,,,3.764e-05,-0.02
1813,,,3.766e-05,14000.0,,,3.766e-05,0.0
1814,,,3.768e-05,14000.0,,,3.768e-05,0.0
1815,,,3.77e-05,14000.0,,,3.77e-05,-0.02
1816,,,3.772e-05,14000.0,,,3.772e-05,0.0
1817,,,3.774e-05,14000.0,,,3.774e-05,0.0
1818,,,3.776e-05,14000.0,,,3.776e-05,0.0
1819,,,3.778e-05,14200.0,,,3.778e-05,0.0
1820,,,3.7800000000000004e-05,13800.0,,,3.7800000000000004e-05,0.0
1821,,,3.782e-05,14000.0,,,3.782e-05,0.0
1822,,,3.7840000000000004e-05,13800.0,,,3.7840000000000004e-05,0.0
1823,,,3.786e-05,14000.0,,,3.786e-05,-0.02
1824,,,3.788e-05,14200.0,,,3.788e-05,0.0
1825,,,3.79e-05,14200.0,,,3.79e-05,-0.02
1826,,,3.792e-05,14000.0,,,3.792e-05,-0.04
1827,,,3.794e-05,14200.0,,,3.794e-05,0.0
1828,,,3.796e-05,14200.0,,,3.796e-05,0.0
1829,,,3.798e-05,14200.0,,,3.798e-05,-0.02
1830,,,3.8e-05,14000.0,,,3.8e-05,-0.04
1831,,,3.802e-05,14000.0,,,3.802e-05,-0.02
1832,,,3.804e-05,14000.0,,,3.804e-05,0.02
1833,,,3.806e-05,14000.0,,,3.806e-05,0.0
1834,,,3.808e-05,14000.0,,,3.808e-05,-0.02
1835,,,3.81e-05,14000.0,,,3.81e-05,-0.04
1836,,,3.812e-05,14000.0,,,3.812e-05,-0.02
1837,,,3.8140000000000004e-05,14000.0,,,3.8140000000000004e-05,0.0
1838,,,3.816e-05,14200.0,,,3.816e-05,0.0
1839,,,3.8180000000000004e-05,13800.0,,,3.8180000000000004e-05,-0.02
1840,,,3.82e-05,14000.0,,,3.82e-05,-0.04
1841,,,3.822e-05,14000.0,,,3.822e-05,-0.02
1842,,,3.824e-05,13800.0,,,3.824e-05,0.0
1843,,,3.826e-05,14200.0,,,3.826e-05,0.0
1844,,,3.828e-05,14000.0,,,3.828e-05,-0.02
1845,,,3.83e-05,14000.0,,,3.83e-05,-0.04
1846,,,3.832e-05,14000.0,,,3.832e-05,-0.02
1847,,,3.834e-05,14000.0,,,3.834e-05,-0.02
1848,,,3.836e-05,14000.0,,,3.836e-05,-0.06
1849,,,3.838e-05,14000.0,,,3.838e-05,0.0
1850,,,3.84e-05,14200.0,,,3.84e-05,-0.04
1851,,,3.842e-05,14000.0,,,3.842e-05,-0.04
1852,,,3.844e-05,14000.0,,,3.844e-05,0.0
1853,,,3.846e-05,13800.0,,,3.846e-05,-0.02
1854,,,3.8480000000000004e-05,14000.0,,,3.8480000000000004e-05,-0.02
1855,,,3.85e-05,13800.0,,,3.85e-05,-0.02
1856,,,3.8520000000000004e-05,14000.0,,,3.8520000000000004e-05,-0.02
1857,,,3.854e-05,14200.0,,,3.854e-05,-0.04
1858,,,3.8560000000000004e-05,14000.0,,,3.8560000000000004e-05,-0.04
1859,,,3.858e-05,14000.0,,,3.858e-05,-0.02
1860,,,3.86e-05,14000.0,,,3.86e-05,-0.04
1861,,,3.862e-05,14000.0,,,3.862e-05,-0.04
1862,,,3.864e-05,14200.0,,,3.864e-05,-0.02
1863,,,3.866e-05,14000.0,,,3.866e-05,-0.02
1864,,,3.868e-05,13800.0,,,3.868e-05,-0.02
1865,,,3.87e-05,14000.0,,,3.87e-05,-0.02
1866,,,3.872e-05,13800.0,,,3.872e-05,-0.02
1867,,,3.874e-05,14000.0,,,3.874e-05,0.0
1868,,,3.876e-05,14000.0,,,3.876e-05,-0.04
1869,,,3.878e-05,13800.0,,,3.878e-05,0.0
1870,,,3.88e-05,14000.0,,,3.88e-05,0.0
1871,,,3.882e-05,14000.0,,,3.882e-05,-0.02
1872,,,3.884e-05,13800.0,,,3.884e-05,-0.02
1873,,,3.8860000000000004e-05,14000.0,,,3.8860000000000004e-05,-0.02
1874,,,3.888e-05,14000.0,,,3.888e-05,0.0
1875,,,3.8900000000000004e-05,14200.0,,,3.8900000000000004e-05,-0.02
1876,,,3.892e-05,14000.0,,,3.892e-05,0.0
1877,,,3.894e-05,13800.0,,,3.894e-05,-0.02
1878,,,3.896e-05,14200.0,,,3.896e-05,-0.04
1879,,,3.898e-05,13800.0,,,3.898e-05,0.0
1880,,,3.9e-05,14000.0,,,3.9e-05,-0.02
1881,,,3.902e-05,14000.0,,,3.902e-05,0.0
1882,,,3.904e-05,14000.0,,,3.904e-05,-0.02
1883,,,3.906e-05,14000.0,,,3.906e-05,-0.04
1884,,,3.908e-05,13800.0,,,3.908e-05,0.0
1885,,,3.91e-05,14000.0,,,3.91e-05,0.0
1886,,,3.912e-05,14000.0,,,3.912e-05,-0.04
1887,,,3.914e-05,14000.0,,,3.914e-05,-0.08
1888,,,3.916e-05,14000.0,,,3.916e-05,0.0
1889,,,3.918e-05,13800.0,,,3.918e-05,-0.04
1890,,,3.9200000000000004e-05,14000.0,,,3.9200000000000004e-05,-0.02
1891,,,3.922e-05,14000.0,,,3.922e-05,-0.02
1892,,,3.9240000000000004e-05,13800.0,,,3.9240000000000004e-05,-0.06
1893,,,3.926e-05,14000.0,,,3.926e-05,0.0
1894,,,3.9280000000000003e-05,13800.0,,,3.9280000000000003e-05,-0.04
1895,,,3.93e-05,14000.0,,,3.93e-05,0.0
1896,,,3.932e-05,13800.0,,,3.932e-05,-0.04
1897,,,3.934e-05,13800.0,,,3.934e-05,-0.06
1898,,,3.936e-05,13800.0,,,3.936e-05,-0.02
1899,,,3.938e-05,14000.0,,,3.938e-05,-0.02
1900,,,3.94e-05,13800.0,,,3.94e-05,0.0
1901,,,3.942e-05,14000.0,,,3.942e-05,0.0
1902,,,3.944e-05,14000.0,,,3.944e-05,0.0
1903,,,3.946e-05,13800.0,,,3.946e-05,-0.02
1904,,,3.948e-05,14000.0,,,3.948e-05,0.0
1905,,,3.95e-05,13800.0,,,3.95e-05,-0.02
1906,,,3.952e-05,13800.0,,,3.952e-05,-0.04
1907,,,3.9540000000000004e-05,14000.0,,,3.9540000000000004e-05,-0.04
1908,,,3.956e-05,14000.0,,,3.956e-05,-0.02
1909,,,3.9580000000000004e-05,14000.0,,,3.9580000000000004e-05,-0.02
1910,,,3.96e-05,13800.0,,,3.96e-05,-0.04
1911,,,3.9620000000000004e-05,13800.0,,,3.9620000000000004e-05,-0.02
1912,,,3.964e-05,14000.0,,,3.964e-05,-0.02
1913,,,3.966e-05,14000.0,,,3.966e-05,-0.04
1914,,,3.968e-05,14000.0,,,3.968e-05,-0.02
1915,,,3.97e-05,14000.0,,,3.97e-05,-0.02
1916,,,3.972e-05,13800.0,,,3.972e-05,-0.02
1917,,,3.974e-05,13800.0,,,3.974e-05,-0.04
1918,,,3.976e-05,14000.0,,,3.976e-05,-0.02
1919,,,3.978e-05,13800.0,,,3.978e-05,0.02
1920,,,3.98e-05,14000.0,,,3.98e-05,-0.02
1921,,,3.982e-05,14000.0,,,3.982e-05,0.0
1922,,,3.984e-05,14000.0,,,3.984e-05,0.0
1923,,,3.986e-05,13800.0,,,3.986e-05,0.0
1924,,,3.988e-05,14000.0,,,3.988e-05,-0.04
1925,,,3.99e-05,14000.0,,,3.99e-05,-0.04
1926,,,3.9920000000000004e-05,14000.0,,,3.9920000000000004e-05,0.0
1927,,,3.994e-05,13800.0,,,3.994e-05,-0.04
1928,,,3.9960000000000004e-05,13800.0,,,3.9960000000000004e-05,-0.02
1929,,,3.998e-05,13800.0,,,3.998e-05,-0.02
1930,,,4e-05,14000.0,,,4e-05,-0.04
1931,,,4.002e-05,13800.0,,,4.002e-05,-0.04
1932,,,4.004e-05,13800.0,,,4.004e-05,-0.04
1933,,,4.006e-05,13800.0,,,4.006e-05,-0.02
1934,,,4.008e-05,13800.0,,,4.008e-05,-0.04
1935,,,4.01e-05,13800.0,,,4.01e-05,-0.02
1936,,,4.012e-05,13600.0,,,4.012e-05,-0.02
1937,,,4.014e-05,13800.0,,,4.014e-05,-0.02
1938,,,4.016e-05,13800.0,,,4.016e-05,-0.02
1939,,,4.018e-05,14000.0,,,4.018e-05,-0.04
1940,,,4.02e-05,14000.0,,,4.02e-05,-0.04
1941,,,4.022e-05,14000.0,,,4.022e-05,0.02
1942,,,4.024e-05,14000.0,,,4.024e-05,-0.04
1943,,,4.0260000000000004e-05,13800.0,,,4.0260000000000004e-05,-0.04
1944,,,4.028e-05,13800.0,,,4.028e-05,-0.04
1945,,,4.0300000000000004e-05,13800.0,,,4.0300000000000004e-05,0.0
1946,,,4.032e-05,14000.0,,,4.032e-05,0.0
1947,,,4.0340000000000003e-05,13800.0,,,4.0340000000000003e-05,-0.02
1948,,,4.036e-05,13800.0,,,4.036e-05,-0.04
1949,,,4.038e-05,13800.0,,,4.038e-05,-0.06
1950,,,4.04e-05,14000.0,,,4.04e-05,-0.02
1951,,,4.042e-05,13800.0,,,4.042e-05,-0.02
1952,,,4.044e-05,13600.0,,,4.044e-05,-0.02
1953,,,4.046e-05,14000.0,,,4.046e-05,-0.04
1954,,,4.048e-05,13800.0,,,4.048e-05,-0.02
1955,,,4.05e-05,13800.0,,,4.05e-05,-0.02
1956,,,4.052e-05,14000.0,,,4.052e-05,-0.02
1957,,,4.054e-05,13800.0,,,4.054e-05,-0.04
1958,,,4.056e-05,13800.0,,,4.056e-05,-0.04
1959,,,4.058e-05,13600.0,,,4.058e-05,-0.04
1960,,,4.0600000000000004e-05,13800.0,,,4.0600000000000004e-05,-0.04
1961,,,4.062e-05,14000.0,,,4.062e-05,0.0
1962,,,4.0640000000000004e-05,13600.0,,,4.0640000000000004e-05,-0.04
1963,,,4.066e-05,13600.0,,,4.066e-05,-0.02
1964,,,4.0680000000000004e-05,13600.0,,,4.0680000000000004e-05,-0.04
1965,,,4.07e-05,13800.0,,,4.07e-05,-0.04
1966,,,4.072e-05,13800.0,,,4.072e-05,0.0
1967,,,4.074e-05,13600.0,,,4.074e-05,-0.04
1968,,,4.076e-05,13800.0,,,4.076e-05,-0.02
1969,,,4.078e-05,14000.0,,,4.078e-05,-0.02
1970,,,4.08e-05,13800.0,,,4.08e-05,0.0
1971,,,4.082e-05,13600.0,,,4.082e-05,-0.02
1972,,,4.084e-05,13800.0,,,4.084e-05,0.0
1973,,,4.086e-05,13800.0,,,4.086e-05,-0.02
1974,,,4.088e-05,13800.0,,,4.088e-05,-0.02
1975,,,4.09e-05,13800.0,,,4.09e-05,-0.02
1976,,,4.092e-05,13600.0,,,4.092e-05,-0.02
1977,,,4.094e-05,13800.0,,,4.094e-05,-0.06
1978,,,4.096e-05,13800.0,,,4.096e-05,-0.02
1979,,,4.0980000000000004e-05,13800.0,,,4.0980000000000004e-05,-0.04
1980,,,4.1e-05,13600.0,,,4.1e-05,-0.02
1981,,,4.1020000000000004e-05,13800.0,,,4.1020000000000004e-05,-0.04
1982,,,4.104e-05,13800.0,,,4.104e-05,0.0
1983,,,4.106e-05,13600.0,,,4.106e-05,-0.02
1984,,,4.108e-05,13600.0,,,4.108e-05,-0.04
1985,,,4.11e-05,13600.0,,,4.11e-05,-0.02
1986,,,4.112e-05,13800.0,,,4.112e-05,-0.06
1987,,,4.114e-05,13600.0,,,4.114e-05,-0.02
1988,,,4.116e-05,13800.0,,,4.116e-05,-0.04
1989,,,4.118e-05,13800.0,,,4.118e-05,-0.02
1990,,,4.12e-05,13800.0,,,4.12e-05,-0.02
1991,,,4.122e-05,13800.0,,,4.122e-05,-0.06
1992,,,4.124e-05,13600.0,,,4.124e-05,-0.04
1993,,,4.126e-05,13800.0,,,4.126e-05,-0.04
1994,,,4.128e-05,13800.0,,,4.128e-05,0.0
1995,,,4.13e-05,13600.0,,,4.13e-05,-0.04
1996,,,4.1320000000000004e-05,13600.0,,,4.1320000000000004e-05,-0.02
1997,,,4.134e-05,13600.0,,,4.134e-05,0.0
1998,,,4.1360000000000004e-05,13800.0,,,4.1360000000000004e-05,-0.02
1999,,,4.138e-05,13800.0,,,4.138e-05,-0.02
2000,,,4.1400000000000003e-05,13600.0,,,4.1400000000000003e-05,-0.04
2001,,,4.142e-05,13800.0,,,4.142e-05,0.0
2002,,,4.144e-05,13800.0,,,4.144e-05,-0.02
2003,,,4.146e-05,13800.0,,,4.146e-05,-0.02
2004,,,4.148e-05,13800.0,,,4.148e-05,-0.04
2005,,,4.15e-05,13600.0,,,4.15e-05,-0.02
2006,,,4.152e-05,13800.0,,,4.152e-05,-0.04
2007,,,4.154e-05,13600.0,,,4.154e-05,-0.02
2008,,,4.156e-05,13800.0,,,4.156e-05,-0.02
2009,,,4.158e-05,13600.0,,,4.158e-05,-0.02
2010,,,4.16e-05,13600.0,,,4.16e-05,-0.04
2011,,,4.162e-05,13800.0,,,4.162e-05,-0.02
2012,,,4.164e-05,13800.0,,,4.164e-05,-0.04
2013,,,4.1660000000000004e-05,13600.0,,,4.1660000000000004e-05,-0.04
2014,,,4.168e-05,13800.0,,,4.168e-05,-0.02
2015,,,4.1700000000000004e-05,13600.0,,,4.1700000000000004e-05,-0.04
2016,,,4.172e-05,13800.0,,,4.172e-05,0.0
2017,,,4.1740000000000004e-05,13800.0,,,4.1740000000000004e-05,-0.02
2018,,,4.176e-05,13600.0,,,4.176e-05,-0.02
2019,,,4.178e-05,13600.0,,,4.178e-05,-0.02
2020,,,4.18e-05,13600.0,,,4.18e-05,-0.06
2021,,,4.182e-05,13800.0,,,4.182e-05,-0.02
2022,,,4.184e-05,13600.0,,,4.184e-05,0.0
2023,,,4.186e-05,13600.0,,,4.186e-05,0.0
2024,,,4.188e-05,13600.0,,,4.188e-05,-0.06
2025,,,4.19e-05,13800.0,,,4.19e-05,-0.04
2026,,,4.192e-05,13800.0,,,4.192e-05,-0.04
2027,,,4.194e-05,13600.0,,,4.194e-05,-0.04
2028,,,4.196e-05,13800.0,,,4.196e-05,-0.04
2029,,,4.198e-05,13400.0,,,4.198e-05,-0.02
2030,,,4.2e-05,13600.0,,,4.2e-05,-0.02
2031,,,4.202e-05,13600.0,,,4.202e-05,-0.04
2032,,,4.2040000000000004e-05,13600.0,,,4.2040000000000004e-05,-0.02
2033,,,4.206e-05,13600.0,,,4.206e-05,-0.06
2034,,,4.2080000000000004e-05,13600.0,,,4.2080000000000004e-05,-0.06
2035,,,4.21e-05,13400.0,,,4.21e-05,-0.04
2036,,,4.212e-05,13600.0,,,4.212e-05,-0.04
2037,,,4.214e-05,13600.0,,,4.214e-05,-0.04
2038,,,4.216e-05,13600.0,,,4.216e-05,-0.06
2039,,,4.218e-05,13400.0,,,4.218e-05,-0.04
2040,,,4.22e-05,13600.0,,,4.22e-05,-0.02
2041,,,4.222e-05,13600.0,,,4.222e-05,-0.04
2042,,,4.224e-05,13800.0,,,4.224e-05,-0.04
2043,,,4.226e-05,13400.0,,,4.226e-05,-0.06
2044,,,4.228e-05,13600.0,,,4.228e-05,-0.04
2045,,,4.23e-05,13800.0,,,4.23e-05,-0.02
2046,,,4.232e-05,13600.0,,,4.232e-05,-0.02
2047,,,4.234e-05,13600.0,,,4.234e-05,-0.04
2048,,,4.236e-05,13400.0,,,4.236e-05,-0.08
2049,,,4.2380000000000004e-05,13600.0,,,4.2380000000000004e-05,-0.04
2050,,,4.24e-05,13400.0,,,4.24e-05,-0.02
2051,,,4.2420000000000004e-05,13400.0,,,4.2420000000000004e-05,-0.02
2052,,,4.244e-05,13400.0,,,4.244e-05,-0.06
2053,,,4.2460000000000003e-05,13800.0,,,4.2460000000000003e-05,-0.02
2054,,,4.248e-05,13600.0,,,4.248e-05,-0.04
2055,,,4.25e-05,13600.0,,,4.25e-05,-0.06
2056,,,4.252e-05,13400.0,,,4.252e-05,-0.04
2057,,,4.254e-05,13600.0,,,4.254e-05,-0.06
2058,,,4.256e-05,13600.0,,,4.256e-05,-0.04
2059,,,4.258e-05,13600.0,,,4.258e-05,-0.06
2060,,,4.26e-05,13600.0,,,4.26e-05,-0.04
2061,,,4.262e-05,13600.0,,,4.262e-05,-0.04
2062,,,4.264e-05,13400.0,,,4.264e-05,-0.04
2063,,,4.266e-05,13400.0,,,4.266e-05,-0.02
2064,,,4.268e-05,13400.0,,,4.268e-05,-0.04
2065,,,4.27e-05,13400.0,,,4.27e-05,-0.02
2066,,,4.2720000000000004e-05,13600.0,,,4.2720000000000004e-05,-0.04
2067,,,4.274e-05,13400.0,,,4.274e-05,-0.04
2068,,,4.2760000000000004e-05,13600.0,,,4.2760000000000004e-05,-0.02
2069,,,4.278e-05,13400.0,,,4.278e-05,-0.06
2070,,,4.2800000000000004e-05,13400.0,,,4.2800000000000004e-05,-0.02
2071,,,4.282e-05,13600.0,,,4.282e-05,-0.04
2072,,,4.284e-05,13400.0,,,4.284e-05,-0.02
2073,,,4.286e-05,13600.0,,,4.286e-05,-0.04
2074,,,4.288e-05,13400.0,,,4.288e-05,-0.02
2075,,,4.29e-05,13200.0,,,4.29e-05,-0.02
2076,,,4.292e-05,13400.0,,,4.292e-05,-0.06
2077,,,4.294e-05,13400.0,,,4.294e-05,-0.02
2078,,,4.296e-05,13600.0,,,4.296e-05,-0.04
2079,,,4.298e-05,13400.0,,,4.298e-05,-0.04
2080,,,4.3e-05,13400.0,,,4.3e-05,-0.04
2081,,,4.302e-05,13600.0,,,4.302e-05,-0.06
2082,,,4.304e-05,13400.0,,,4.304e-05,-0.04
2083,,,4.306e-05,13600.0,,,4.306e-05,-0.08
2084,,,4.308e-05,13600.0,,,4.308e-05,-0.06
2085,,,4.3100000000000004e-05,13600.0,,,4.3100000000000004e-05,-0.1
2086,,,4.312e-05,13600.0,,,4.312e-05,-0.04
2087,,,4.3140000000000004e-05,13400.0,,,4.3140000000000004e-05,-0.04
2088,,,4.316e-05,13400.0,,,4.316e-05,-0.04
2089,,,4.318e-05,13600.0,,,4.318e-05,-0.04
2090,,,4.32e-05,13200.0,,,4.32e-05,-0.08
2091,,,4.322e-05,13400.0,,,4.322e-05,-0.04
2092,,,4.324e-05,13600.0,,,4.324e-05,-0.06
2093,,,4.326e-05,13600.0,,,4.326e-05,-0.04
2094,,,4.328e-05,13600.0,,,4.328e-05,-0.04
2095,,,4.33e-05,13400.0,,,4.33e-05,-0.08
2096,,,4.332e-05,13400.0,,,4.332e-05,-0.02
2097,,,4.334e-05,13600.0,,,4.334e-05,-0.06
2098,,,4.336e-05,13600.0,,,4.336e-05,-0.04
2099,,,4.338e-05,13600.0,,,4.338e-05,-0.06
2100,,,4.34e-05,13600.0,,,4.34e-05,-0.08
2101,,,4.342e-05,13600.0,,,4.342e-05,-0.02
2102,,,4.3440000000000004e-05,13400.0,,,4.3440000000000004e-05,-0.04
2103,,,4.346e-05,13400.0,,,4.346e-05,-0.04
2104,,,4.3480000000000004e-05,13400.0,,,4.3480000000000004e-05,-0.06
2105,,,4.35e-05,13400.0,,,4.35e-05,-0.04
2106,,,4.3520000000000003e-05,13400.0,,,4.3520000000000003e-05,-0.02
2107,,,4.354e-05,13400.0,,,4.354e-05,-0.04
2108,,,4.356e-05,13400.0,,,4.356e-05,-0.02
2109,,,4.358e-05,13400.0,,,4.358e-05,-0.08
2110,,,4.36e-05,13800.0,,,4.36e-05,-0.04
2111,,,4.362e-05,13400.0,,,4.362e-05,-0.04
2112,,,4.364e-05,13400.0,,,4.364e-05,-0.04
2113,,,4.366e-05,13400.0,,,4.366e-05,-0.02
2114,,,4.368e-05,13400.0,,,4.368e-05,-0.04
2115,,,4.37e-05,13200.0,,,4.37e-05,-0.04
2116,,,4.372e-05,13200.0,,,4.372e-05,-0.06
2117,,,4.374e-05,13200.0,,,4.374e-05,-0.04
2118,,,4.376e-05,13600.0,,,4.376e-05,-0.06
2119,,,4.3780000000000004e-05,13400.0,,,4.3780000000000004e-05,-0.06
2120,,,4.38e-05,13400.0,,,4.38e-05,-0.04
2121,,,4.3820000000000004e-05,13400.0,,,4.3820000000000004e-05,-0.04
2122,,,4.384e-05,13200.0,,,4.384e-05,-0.04
2123,,,4.3860000000000004e-05,13200.0,,,4.3860000000000004e-05,-0.08
2124,,,4.388e-05,13200.0,,,4.388e-05,-0.04
2125,,,4.39e-05,13400.0,,,4.39e-05,-0.02
2126,,,4.392e-05,13400.0,,,4.392e-05,-0.08
2127,,,4.394e-05,13400.0,,,4.394e-05,-0.06
2128,,,4.396e-05,13400.0,,,4.396e-05,-0.08
2129,,,4.398e-05,13200.0,,,4.398e-05,-0.02
2130,,,4.4e-05,13400.0,,,4.4e-05,-0.04
2131,,,4.402e-05,13000.0,,,4.402e-05,-0.06
2132,,,4.404e-05,13400.0,,,4.404e-05,-0.06
2133,,,4.406e-05,13400.0,,,4.406e-05,-0.06
2134,,,4.408e-05,13200.0,,,4.408e-05,-0.02
2135,,,4.41e-05,13200.0,,,4.41e-05,-0.04
2136,,,4.412e-05,13200.0,,,4.412e-05,-0.04
2137,,,4.414e-05,13200.0,,,4.414e-05,-0.1
2138,,,4.4160000000000004e-05,13400.0,,,4.4160000000000004e-05,-0.06
2139,,,4.418e-05,13200.0,,,4.418e-05,-0.04
2140,,,4.4200000000000004e-05,13200.0,,,4.4200000000000004e-05,-0.06
2141,,,4.422e-05,13200.0,,,4.422e-05,-0.06
2142,,,4.424e-05,13200.0,,,4.424e-05,-0.08
2143,,,4.426e-05,13200.0,,,4.426e-05,-0.04
2144,,,4.428e-05,13400.0,,,4.428e-05,-0.06
2145,,,4.43e-05,13400.0,,,4.43e-05,-0.04
2146,,,4.432e-05,13200.0,,,4.432e-05,-0.06
2147,,,4.434e-05,13000.0,,,4.434e-05,-0.08
2148,,,4.436e-05,13200.0,,,4.436e-05,-0.04
2149,,,4.438e-05,13200.0,,,4.438e-05,-0.06
2150,,,4.44e-05,13200.0,,,4.44e-05,-0.06
2151,,,4.442e-05,13200.0,,,4.442e-05,-0.08
2152,,,4.444e-05,13400.0,,,4.444e-05,-0.06
2153,,,4.446e-05,13000.0,,,4.446e-05,-0.04
2154,,,4.448e-05,13200.0,,,4.448e-05,-0.04
2155,,,4.4500000000000004e-05,13000.0,,,4.4500000000000004e-05,-0.04
2156,,,4.452e-05,13400.0,,,4.452e-05,-0.06
2157,,,4.4540000000000004e-05,13000.0,,,4.4540000000000004e-05,-0.04
2158,,,4.456e-05,13200.0,,,4.456e-05,-0.06
2159,,,4.4580000000000003e-05,13200.0,,,4.4580000000000003e-05,-0.04
2160,,,4.46e-05,12800.0,,,4.46e-05,-0.08
2161,,,4.462e-05,13000.0,,,4.462e-05,-0.06
2162,,,4.464e-05,13200.0,,,4.464e-05,-0.04
2163,,,4.466e-05,13400.0,,,4.466e-05,-0.06
2164,,,4.468e-05,13200.0,,,4.468e-05,-0.06
2165,,,4.47e-05,13000.0,,,4.47e-05,-0.08
2166,,,4.472e-05,13200.0,,,4.472e-05,-0.08
2167,,,4.474e-05,13200.0,,,4.474e-05,-0.06
2168,,,4.476e-05,13200.0,,,4.476e-05,-0.06
2169,,,4.478e-05,12800.0,,,4.478e-05,-0.04
2170,,,4.48e-05,13000.0,,,4.48e-05,-0.06
2171,,,4.482e-05,13000.0,,,4.482e-05,-0.04
2172,,,4.4840000000000004e-05,13200.0,,,4.4840000000000004e-05,-0.06
2173,,,4.486e-05,13200.0,,,4.486e-05,-0.04
2174,,,4.4880000000000004e-05,13200.0,,,4.4880000000000004e-05,-0.04
2175,,,4.49e-05,13200.0,,,4.49e-05,-0.1
2176,,,4.4920000000000004e-05,13000.0,,,4.4920000000000004e-05,-0.04
2177,,,4.494e-05,13000.0,,,4.494e-05,-0.04
2178,,,4.496e-05,12800.0,,,4.496e-05,-0.06
2179,,,4.498e-05,13200.0,,,4.498e-05,-0.06
2180,,,4.5e-05,13000.0,,,4.5e-05,-0.04
2181,,,4.502e-05,13200.0,,,4.502e-05,-0.06
2182,,,4.504e-05,13000.0,,,4.504e-05,-0.08
2183,,,4.506e-05,13200.0,,,4.506e-05,-0.06
2184,,,4.508e-05,13200.0,,,4.508e-05,-0.1
2185,,,4.51e-05,12800.0,,,4.51e-05,-0.04
2186,,,4.512e-05,13200.0,,,4.512e-05,-0.06
2187,,,4.514e-05,13000.0,,,4.514e-05,-0.06
2188,,,4.516e-05,13000.0,,,4.516e-05,-0.08
2189,,,4.518e-05,13000.0,,,4.518e-05,-0.12
2190,,,4.52e-05,13000.0,,,4.52e-05,-0.06
2191,,,4.5220000000000004e-05,13000.0,,,4.5220000000000004e-05,-0.06
2192,,,4.524e-05,13000.0,,,4.524e-05,-0.06
2193,,,4.5260000000000004e-05,13000.0,,,4.5260000000000004e-05,-0.06
2194,,,4.528e-05,13200.0,,,4.528e-05,-0.1
2195,,,4.53e-05,13000.0,,,4.53e-05,-0.06
2196,,,4.532e-05,13200.0,,,4.532e-05,-0.06
2197,,,4.534e-05,13000.0,,,4.534e-05,-0.04
2198,,,4.536e-05,13200.0,,,4.536e-05,-0.06
2199,,,4.538e-05,13000.0,,,4.538e-05,-0.08
2200,,,4.54e-05,13000.0,,,4.54e-05,-0.04
2201,,,4.542e-05,13000.0,,,4.542e-05,-0.04
2202,,,4.544e-05,13000.0,,,4.544e-05,-0.06
2203,,,4.546e-05,12800.0,,,4.546e-05,-0.08
2204,,,4.548e-05,13000.0,,,4.548e-05,-0.06
2205,,,4.55e-05,13000.0,,,4.55e-05,-0.04
2206,,,4.552e-05,13200.0,,,4.552e-05,-0.04
2207,,,4.554e-05,12600.0,,,4.554e-05,-0.04
2208,,,4.5560000000000004e-05,13000.0,,,4.5560000000000004e-05,-0.06
2209,,,4.558e-05,13000.0,,,4.558e-05,-0.06
2210,,,4.5600000000000004e-05,13200.0,,,4.5600000000000004e-05,-0.04
2211,,,4.562e-05,13200.0,,,4.562e-05,-0.04
2212,,,4.5640000000000003e-05,13000.0,,,4.5640000000000003e-05,-0.04
2213,,,4.566e-05,12800.0,,,4.566e-05,-0.06
2214,,,4.568e-05,13000.0,,,4.568e-05,-0.06
2215,,,4.57e-05,13000.0,,,4.57e-05,-0.06
2216,,,4.572e-05,12800.0,,,4.572e-05,-0.04
2217,,,4.574e-05,13000.0,,,4.574e-05,-0.06
2218,,,4.576e-05,13000.0,,,4.576e-05,-0.08
2219,,,4.578e-05,13000.0,,,4.578e-05,-0.06
2220,,,4.58e-05,13000.0,,,4.58e-05,-0.04
2221,,,4.582e-05,12800.0,,,4.582e-05,-0.08
2222,,,4.584e-05,12800.0,,,4.584e-05,-0.1
2223,,,4.586e-05,12800.0,,,4.586e-05,-0.04
2224,,,4.588e-05,12800.0,,,4.588e-05,-0.04
2225,,,4.5900000000000004e-05,12800.0,,,4.5900000000000004e-05,-0.08
2226,,,4.592e-05,12800.0,,,4.592e-05,-0.06
2227,,,4.5940000000000004e-05,13000.0,,,4.5940000000000004e-05,-0.08
2228,,,4.596e-05,12600.0,,,4.596e-05,-0.04
2229,,,4.5980000000000004e-05,12800.0,,,4.5980000000000004e-05,-0.08
2230,,,4.6e-05,12800.0,,,4.6e-05,-0.06
2231,,,4.602e-05,12800.0,,,4.602e-05,-0.06
2232,,,4.604e-05,13000.0,,,4.604e-05,-0.08
2233,,,4.606e-05,12800.0,,,4.606e-05,-0.06
2234,,,4.608e-05,12800.0,,,4.608e-05,-0.06
2235,,,4.61e-05,12800.0,,,4.61e-05,-0.04
2236,,,4.612e-05,13000.0,,,4.612e-05,-0.08
2237,,,4.614e-05,13000.0,,,4.614e-05,-0.06
2238,,,4.616e-05,12800.0,,,4.616e-05,-0.06
2239,,,4.618e-05,13200.0,,,4.618e-05,-0.06
2240,,,4.62e-05,12800.0,,,4.62e-05,-0.08
2241,,,4.622e-05,12800.0,,,4.622e-05,-0.08
2242,,,4.624e-05,12800.0,,,4.624e-05,-0.06
2243,,,4.626e-05,13000.0,,,4.626e-05,-0.06
2244,,,4.6280000000000004e-05,12800.0,,,4.6280000000000004e-05,-0.06
2245,,,4.63e-05,12600.0,,,4.63e-05,-0.08
2246,,,4.6320000000000004e-05,12800.0,,,4.6320000000000004e-05,-0.08
2247,,,4.634e-05,12600.0,,,4.634e-05,-0.06
2248,,,4.636e-05,12800.0,,,4.636e-05,-0.06
2249,,,4.638e-05,12400.0,,,4.638e-05,-0.06
2250,,,4.64e-05,12600.0,,,4.64e-05,-0.06
2251,,,4.642e-05,12600.0,,,4.642e-05,-0.08
2252,,,4.644e-05,13000.0,,,4.644e-05,-0.08
2253,,,4.646e-05,12600.0,,,4.646e-05,-0.04
2254,,,4.648e-05,12800.0,,,4.648e-05,-0.06
2255,,,4.65e-05,12800.0,,,4.65e-05,-0.08
2256,,,4.652e-05,12800.0,,,4.652e-05,-0.08
2257,,,4.654e-05,12800.0,,,4.654e-05,-0.08
2258,,,4.656e-05,12800.0,,,4.656e-05,-0.08
2259,,,4.658e-05,12800.0,,,4.658e-05,-0.08
2260,,,4.66e-05,12800.0,,,4.66e-05,-0.1
2261,,,4.6620000000000004e-05,12800.0,,,4.6620000000000004e-05,-0.06
2262,,,4.664e-05,12600.0,,,4.664e-05,-0.06
2263,,,4.6660000000000004e-05,12800.0,,,4.6660000000000004e-05,-0.06
2264,,,4.668e-05,12600.0,,,4.668e-05,-0.06
2265,,,4.6700000000000003e-05,12800.0,,,4.6700000000000003e-05,-0.08
2266,,,4.672e-05,12800.0,,,4.672e-05,-0.08
2267,,,4.674e-05,12800.0,,,4.674e-05,-0.06
2268,,,4.676e-05,12400.0,,,4.676e-05,-0.06
2269,,,4.678e-05,12800.0,,,4.678e-05,-0.1
2270,,,4.68e-05,12600.0,,,4.68e-05,-0.04
2271,,,4.682e-05,12800.0,,,4.682e-05,-0.08
2272,,,4.684e-05,12800.0,,,4.684e-05,-0.06
2273,,,4.686e-05,12600.0,,,4.686e-05,-0.08
2274,,,4.688e-05,12800.0,,,4.688e-05,-0.08
2275,,,4.69e-05,12600.0,,,4.69e-05,-0.06
2276,,,4.692e-05,12600.0,,,4.692e-05,-0.06
2277,,,4.694e-05,12800.0,,,4.694e-05,-0.08
2278,,,4.6960000000000004e-05,12800.0,,,4.6960000000000004e-05,-0.08
2279,,,4.698e-05,12600.0,,,4.698e-05,-0.08
2280,,,4.7000000000000004e-05,12800.0,,,4.7000000000000004e-05,-0.06
2281,,,4.702e-05,12600.0,,,4.702e-05,-0.06
2282,,,4.7040000000000004e-05,12600.0,,,4.7040000000000004e-05,-0.08
2283,,,4.706e-05,12800.0,,,4.706e-05,-0.12
2284,,,4.708e-05,12400.0,,,4.708e-05,-0.08
2285,,,4.71e-05,12800.0,,,4.71e-05,-0.08
2286,,,4.712e-05,12800.0,,,4.712e-05,-0.08
2287,,,4.714e-05,12600.0,,,4.714e-05,-0.08
2288,,,4.716e-05,12600.0,,,4.716e-05,-0.08
2289,,,4.718e-05,12400.0,,,4.718e-05,-0.04
2290,,,4.72e-05,12400.0,,,4.72e-05,-0.06
2291,,,4.722e-05,12600.0,,,4.722e-05,-0.06
2292,,,4.724e-05,12800.0,,,4.724e-05,-0.06
2293,,,4.726e-05,12800.0,,,4.726e-05,-0.12
2294,,,4.728e-05,12600.0,,,4.728e-05,-0.04
2295,,,4.73e-05,12600.0,,,4.73e-05,-0.08
2296,,,4.732e-05,12600.0,,,4.732e-05,-0.04
2297,,,4.7340000000000004e-05,12600.0,,,4.7340000000000004e-05,-0.08
2298,,,4.736e-05,12600.0,,,4.736e-05,-0.08
2299,,,4.7380000000000004e-05,12600.0,,,4.7380000000000004e-05,-0.04
2300,,,4.74e-05,12600.0,,,4.74e-05,-0.08
2301,,,4.742e-05,12600.0,,,4.742e-05,-0.12
2302,,,4.744e-05,12800.0,,,4.744e-05,-0.02
2303,,,4.746e-05,12600.0,,,4.746e-05,-0.1
2304,,,4.748e-05,12600.0,,,4.748e-05,-0.04
2305,,,4.75e-05,12600.0,,,4.75e-05,-0.08
2306,,,4.752e-05,12200.0,,,4.752e-05,-0.06
2307,,,4.754e-05,12800.0,,,4.754e-05,-0.1
2308,,,4.756e-05,12600.0,,,4.756e-05,-0.08
2309,,,4.758e-05,12800.0,,,4.758e-05,-0.06
2310,,,4.76e-05,12600.0,,,4.76e-05,-0.06
2311,,,4.762e-05,12800.0,,,4.762e-05,-0.08
2312,,,4.764e-05,12600.0,,,4.764e-05,-0.06
2313,,,4.766e-05,12400.0,,,4.766e-05,-0.08
2314,,,4.7680000000000004e-05,12600.0,,,4.7680000000000004e-05,-0.06
2315,,,4.77e-05,12400.0,,,4.77e-05,-0.06
2316,,,4.7720000000000004e-05,12600.0,,,4.7720000000000004e-05,-0.08
2317,,,4.774e-05,12400.0,,,4.774e-05,-0.06
2318,,,4.7760000000000004e-05,12600.0,,,4.7760000000000004e-05,-0.08
2319,,,4.778e-05,12400.0,,,4.778e-05,-0.06
2320,,,4.78e-05,12600.0,,,4.78e-05,-0.06
2321,,,4.782e-05,12600.0,,,4.782e-05,-0.1
2322,,,4.784e-05,12600.0,,,4.784e-05,-0.04
2323,,,4.786e-05,12400.0,,,4.786e-05,-0.06
2324,,,4.788e-05,12400.0,,,4.788e-05,-0.06
2325,,,4.79e-05,12400.0,,,4.79e-05,-0.06
2326,,,4.792e-05,12200.0,,,4.792e-05,-0.08
2327,,,4.794e-05,12400.0,,,4.794e-05,-0.06
2328,,,4.796e-05,12600.0,,,4.796e-05,-0.06
2329,,,4.798e-05,12400.0,,,4.798e-05,-0.08
2330,,,4.8e-05,12400.0,,,4.8e-05,-0.1
2331,,,4.8020000000000004e-05,12600.0,,,4.8020000000000004e-05,-0.08
2332,,,4.804e-05,12400.0,,,4.804e-05,-0.04
2333,,,4.8060000000000004e-05,12200.0,,,4.8060000000000004e-05,-0.04
2334,,,4.808e-05,12400.0,,,4.808e-05,-0.06
2335,,,4.8100000000000004e-05,12600.0,,,4.8100000000000004e-05,-0.08
2336,,,4.812e-05,12400.0,,,4.812e-05,-0.08
2337,,,4.814e-05,12400.0,,,4.814e-05,-0.06
2338,,,4.816e-05,12600.0,,,4.816e-05,-0.06
2339,,,4.818e-05,12400.0,,,4.818e-05,-0.08
2340,,,4.82e-05,12400.0,,,4.82e-05,-0.1
2341,,,4.822e-05,12400.0,,,4.822e-05,-0.06
2342,,,4.824e-05,12600.0,,,4.824e-05,-0.08
2343,,,4.826e-05,12400.0,,,4.826e-05,-0.08
2344,,,4.828e-05,12400.0,,,4.828e-05,-0.08
2345,,,4.83e-05,12400.0,,,4.83e-05,-0.08
2346,,,4.832e-05,12400.0,,,4.832e-05,-0.08
2347,,,4.834e-05,12200.0,,,4.834e-05,-0.06
2348,,,4.836e-05,12200.0,,,4.836e-05,-0.1
2349,,,4.838e-05,12400.0,,,4.838e-05,-0.1
2350,,,4.8400000000000004e-05,12200.0,,,4.8400000000000004e-05,-0.08
2351,,,4.842e-05,12400.0,,,4.842e-05,-0.06
2352,,,4.8440000000000004e-05,12400.0,,,4.8440000000000004e-05,-0.08
2353,,,4.846e-05,12200.0,,,4.846e-05,-0.08
2354,,,4.8480000000000003e-05,12200.0,,,4.8480000000000003e-05,-0.1
2355,,,4.85e-05,12200.0,,,4.85e-05,-0.08
2356,,,4.852e-05,12200.0,,,4.852e-05,-0.1
2357,,,4.854e-05,12400.0,,,4.854e-05,-0.04
2358,,,4.856e-05,12000.0,,,4.856e-05,-0.1
2359,,,4.858e-05,12200.0,,,4.858e-05,-0.08
2360,,,4.86e-05,12400.0,,,4.86e-05,-0.08
2361,,,4.862e-05,12200.0,,,4.862e-05,-0.08
2362,,,4.864e-05,12400.0,,,4.864e-05,-0.04
2363,,,4.866e-05,12200.0,,,4.866e-05,-0.08
2364,,,4.868e-05,12200.0,,,4.868e-05,-0.08
2365,,,4.87e-05,12200.0,,,4.87e-05,-0.06
2366,,,4.872e-05,12200.0,,,4.872e-05,-0.08
2367,,,4.8740000000000004e-05,12000.0,,,4.8740000000000004e-05,-0.08
2368,,,4.876e-05,12200.0,,,4.876e-05,-0.08
2369,,,4.8780000000000004e-05,12200.0,,,4.8780000000000004e-05,-0.06
2370,,,4.88e-05,12400.0,,,4.88e-05,-0.08
2371,,,4.8820000000000004e-05,12200.0,,,4.8820000000000004e-05,-0.08
2372,,,4.884e-05,12200.0,,,4.884e-05,-0.08
2373,,,4.886e-05,12200.0,,,4.886e-05,-0.14
2374,,,4.888e-05,12000.0,,,4.888e-05,-0.08
2375,,,4.89e-05,12200.0,,,4.89e-05,-0.08
2376,,,4.892e-05,12000.0,,,4.892e-05,-0.08
2377,,,4.894e-05,12200.0,,,4.894e-05,-0.08
2378,,,4.896e-05,12200.0,,,4.896e-05,-0.1
2379,,,4.898e-05,12000.0,,,4.898e-05,-0.08
2380,,,4.9e-05,12200.0,,,4.9e-05,-0.08
2381,,,4.902e-05,12000.0,,,4.902e-05,-0.04
2382,,,4.904e-05,12000.0,,,4.904e-05,-0.12
2383,,,4.906e-05,12200.0,,,4.906e-05,-0.04
2384,,,4.9080000000000004e-05,12000.0,,,4.9080000000000004e-05,-0.1
2385,,,4.91e-05,12000.0,,,4.91e-05,-0.08
2386,,,4.9120000000000004e-05,12200.0,,,4.9120000000000004e-05,-0.08
2387,,,4.914e-05,12200.0,,,4.914e-05,-0.1
2388,,,4.9160000000000004e-05,12000.0,,,4.9160000000000004e-05,-0.06
2389,,,4.918e-05,12000.0,,,4.918e-05,-0.06
2390,,,4.92e-05,12000.0,,,4.92e-05,-0.06
2391,,,4.922e-05,12200.0,,,4.922e-05,-0.08
2392,,,4.924e-05,12000.0,,,4.924e-05,-0.12
2393,,,4.926e-05,12000.0,,,4.926e-05,-0.06
2394,,,4.928e-05,12200.0,,,4.928e-05,-0.08
2395,,,4.93e-05,12000.0,,,4.93e-05,-0.08
2396,,,4.932e-05,12200.0,,,4.932e-05,-0.08
2397,,,4.934e-05,12200.0,,,4.934e-05,-0.08
2398,,,4.936e-05,12200.0,,,4.936e-05,-0.08
2399,,,4.938e-05,12200.0,,,4.938e-05,-0.06
2400,,,4.94e-05,12200.0,,,4.94e-05,-0.08
2401,,,4.942e-05,12200.0,,,4.942e-05,-0.1
2402,,,4.944e-05,12200.0,,,4.944e-05,-0.06
2403,,,4.9460000000000004e-05,11800.0,,,4.9460000000000004e-05,-0.06
2404,,,4.948e-05,12000.0,,,4.948e-05,-0.06
2405,,,4.9500000000000004e-05,11800.0,,,4.9500000000000004e-05,-0.06
2406,,,4.952e-05,12000.0,,,4.952e-05,-0.1
2407,,,4.9540000000000003e-05,12000.0,,,4.9540000000000003e-05,-0.08
2408,,,4.956e-05,12200.0,,,4.956e-05,-0.1
2409,,,4.958e-05,12000.0,,,4.958e-05,-0.06
2410,,,4.96e-05,12000.0,,,4.96e-05,-0.06
2411,,,4.962e-05,12000.0,,,4.962e-05,-0.04
2412,,,4.964e-05,12000.0,,,4.964e-05,-0.1
2413,,,4.966e-05,12200.0,,,4.966e-05,-0.08
2414,,,4.968e-05,11800.0,,,4.968e-05,-0.06
2415,,,4.97e-05,12000.0,,,4.97e-05,-0.08
2416,,,4.972e-05,11800.0,,,4.972e-05,-0.08
2417,,,4.974e-05,12200.0,,,4.974e-05,-0.1
2418,,,4.976e-05,12000.0,,,4.976e-05,-0.08
2419,,,4.978e-05,12000.0,,,4.978e-05,-0.1
2420,,,4.9800000000000004e-05,12000.0,,,4.9800000000000004e-05,-0.1
2421,,,4.982e-05,12000.0,,,4.982e-05,-0.06
2422,,,4.9840000000000004e-05,12000.0,,,4.9840000000000004e-05,-0.08
2423,,,4.986e-05,12000.0,,,4.986e-05,-0.08
2424,,,4.9880000000000004e-05,12000.0,,,4.9880000000000004e-05,-0.08
2425,,,4.99e-05,12000.0,,,4.99e-05,-0.08
2426,,,4.992e-05,12000.0,,,4.992e-05,-0.06
2427,,,4.994e-05,12000.0,,,4.994e-05,-0.1
2428,,,4.996e-05,11800.0,,,4.996e-05,-0.08
2429,,,4.998e-05,12000.0,,,4.998e-05,-0.12
2430,,,5e-05,12000.0,,,5e-05,-0.08
2431,,,5.002e-05,12000.0,,,5.002e-05,-0.08
2432,,,5.004e-05,11800.0,,,5.004e-05,-0.06
2433,,,5.006e-05,11800.0,,,5.006e-05,-0.06
2434,,,5.008e-05,11800.0,,,5.008e-05,-0.12
2435,,,5.01e-05,11800.0,,,5.01e-05,-0.1
2436,,,5.012e-05,11800.0,,,5.012e-05,-0.08
2437,,,5.0140000000000004e-05,11800.0,,,5.0140000000000004e-05,-0.08
2438,,,5.016e-05,11600.0,,,5.016e-05,-0.1
2439,,,5.0180000000000004e-05,12000.0,,,5.0180000000000004e-05,-0.12
2440,,,5.02e-05,12000.0,,,5.02e-05,-0.06
2441,,,5.0220000000000004e-05,11800.0,,,5.0220000000000004e-05,-0.08
2442,,,5.024e-05,11800.0,,,5.024e-05,-0.08
2443,,,5.026e-05,11600.0,,,5.026e-05,-0.1
2444,,,5.028e-05,11800.0,,,5.028e-05,-0.1
2445,,,5.03e-05,11800.0,,,5.03e-05,-0.1
2446,,,5.032e-05,12000.0,,,5.032e-05,-0.06
2447,,,5.034e-05,11600.0,,,5.034e-05,-0.08
2448,,,5.036e-05,11800.0,,,5.036e-05,-0.08
2449,,,5.038e-05,11800.0,,,5.038e-05,-0.1
2450,,,5.04e-05,11600.0,,,5.04e-05,-0.1
2451,,,5.042e-05,12200.0,,,5.042e-05,-0.08
2452,,,5.044e-05,11600.0,,,5.044e-05,-0.08
2453,,,5.046e-05,11600.0,,,5.046e-05,-0.1
2454,,,5.048e-05,11600.0,,,5.048e-05,-0.08
2455,,,5.05e-05,11800.0,,,5.05e-05,-0.1
2456,,,5.0520000000000004e-05,11600.0,,,5.0520000000000004e-05,-0.08
2457,,,5.054e-05,11600.0,,,5.054e-05,-0.1
2458,,,5.0560000000000004e-05,11600.0,,,5.0560000000000004e-05,-0.08
2459,,,5.058e-05,11600.0,,,5.058e-05,-0.08
2460,,,5.0600000000000003e-05,11800.0,,,5.0600000000000003e-05,-0.1
2461,,,5.062e-05,11600.0,,,5.062e-05,-0.1
2462,,,5.064e-05,11800.0,,,5.064e-05,-0.1
2463,,,5.066e-05,11600.0,,,5.066e-05,-0.1
2464,,,5.068e-05,11600.0,,,5.068e-05,-0.08
2465,,,5.07e-05,11400.0,,,5.07e-05,-0.1
2466,,,5.072e-05,11400.0,,,5.072e-05,-0.06
2467,,,5.074e-05,11600.0,,,5.074e-05,-0.1
2468,,,5.076e-05,11600.0,,,5.076e-05,-0.1
2469,,,5.078e-05,11800.0,,,5.078e-05,-0.08
2470,,,5.08e-05,11600.0,,,5.08e-05,-0.06
2471,,,5.082e-05,11600.0,,,5.082e-05,-0.1
2472,,,5.084e-05,11600.0,,,5.084e-05,-0.14
2473,,,5.0860000000000004e-05,11600.0,,,5.0860000000000004e-05,-0.1
2474,,,5.088e-05,11800.0,,,5.088e-05,-0.08
2475,,,5.0900000000000004e-05,11800.0,,,5.0900000000000004e-05,-0.08
2476,,,5.092e-05,11800.0,,,5.092e-05,-0.08
2477,,,5.0940000000000004e-05,11600.0,,,5.0940000000000004e-05,-0.08
2478,,,5.096e-05,11600.0,,,5.096e-05,-0.1
2479,,,5.098e-05,11600.0,,,5.098e-05,-0.1
2480,,,5.1e-05,11400.0,,,5.1e-05,-0.06
2481,,,5.102e-05,11600.0,,,5.102e-05,-0.14
2482,,,5.104e-05,11800.0,,,5.104e-05,-0.08
2483,,,5.106e-05,11800.0,,,5.106e-05,-0.08
2484,,,5.108e-05,11600.0,,,5.108e-05,-0.08
2485,,,5.11e-05,11600.0,,,5.11e-05,-0.1
2486,,,5.112e-05,11600.0,,,5.112e-05,-0.12
2487,,,5.114e-05,11600.0,,,5.114e-05,-0.06
2488,,,5.116e-05,11400.0,,,5.116e-05,-0.1
2489,,,5.118e-05,11600.0,,,5.118e-05,-0.08
2490,,,5.1200000000000004e-05,11600.0,,,5.1200000000000004e-05,-0.1
2491,,,5.122e-05,11600.0,,,5.122e-05,-0.12
2492,,,5.1240000000000004e-05,11600.0,,,5.1240000000000004e-05,-0.08
2493,,,5.126e-05,11600.0,,,5.126e-05,-0.08
2494,,,5.1280000000000004e-05,11400.0,,,5.1280000000000004e-05,-0.1
2495,,,5.13e-05,11400.0,,,5.13e-05,-0.1
2496,,,5.132e-05,11600.0,,,5.132e-05,-0.1
2497,,,5.134e-05,11600.0,,,5.134e-05,-0.08
2498,,,5.136e-05,11400.0,,,5.136e-05,-0.1
2499,,,5.138e-05,11400.0,,,5.138e-05,-0.08
